7.005947660724273773e-02 1.658362393826130798e+01 1.233459206321720814e+01 1.284720241022122700e+01 -7.696821374403558735e+00
1.323819579829212945e-01 2.943082634848253321e+01 4.637770688813649400e+00 6.423601205110614387e+00 -3.848410687201779368e+00
1.367006152139731978e-01 3.299856393001228128e+01 1.702418376737394112e+01 -7.481134106514533144e+00 -1.716124297335395177e+00
1.142215570660110729e-01 7.163185176387059094e+00 5.497881457500153335e-01 -2.963905973044822062e+00 2.843653834862866159e+00
1.546581226605431014e-01 3.613075927610611870e+01 5.105846333818266025e+00 4.483807309533698771e+00 1.041452094782384208e+00
1.247951381194841725e-01 2.554038010177038487e+01 1.531593201778413338e+01 -3.752042192393584941e+00 -8.619984225404913047e-01
8.739195482387093761e-02 2.427021027361799455e+01 9.261871824247003282e-01 -3.987080358764050203e-01 -4.052865858577725078e+00
8.808858886267946497e-02 3.857093425562515421e+01 6.063935671106114311e-01 1.853547251539303886e+00 -1.832722126350260439e+00
8.556244098575034596e-02 2.354931719771916221e+01 1.706794252643537391e+01 -1.796808321710136269e+00 1.325936070433870739e+00
1.641397509208796512e-01 4.196759419094146182e+01 4.289263603524250179e+00 1.565389852116027214e+00 1.449743459929392131e+00
9.481812139282601304e-02 4.153277192553665564e+00 3.235679511014119658e+00 -1.458951981128125297e+00 1.500708152230813885e+00
7.853984607584622857e-02 2.169573563716106790e+01 -2.686680922283835482e+00 -4.592856603287120976e-01 -1.777714743164918731e+00
1.311617651865482070e-01 3.146683961614391123e+01 2.420678093365394190e+01 1.131611879004756460e+00 7.979165905081195831e-01
1.437557863075614450e-01 4.100942171011252668e+01 -7.830331984255111122e-01 6.343035242956176489e-01 -1.138008743582199056e+00
1.521924801198107913e-01 4.416416951059910190e+01 3.850149554431395060e+00 9.396663383461820729e-01 7.869866734491113291e-01
1.227665199416474867e-01 3.548767009381283088e+01 -3.974051398401222901e+00 -2.639299922849431823e-01 -1.435062029687964591e+00
1.235347213999821031e-01 3.320382819227782534e+01 7.414083871452213259e+00 5.130988555907443072e-01 1.275045181982139120e+00
1.559703408729098129e-01 2.184351974158673215e+01 1.840461018554305994e+01 -9.439095936439212409e-01 6.576022408800277219e-01
1.963629459127229915e-01 3.961117592390734909e+00 4.616218850893860193e+00 -5.351289040267628305e-01 1.018956879726652165e+00
4.450594507195994587e-01 -1.645043691565342359e+00 2.234619606404797842e+00 5.558496077949837133e-01 -9.117501959078135876e-01
2.359573378388994946e-01 1.948221418219915080e+01 1.486866166754871976e+01 -7.229592326079679054e-01 -6.383632474227844966e-01
9.127253223805785465e-02 2.915089421475362030e+01 -5.671901615814917363e+00 7.244084562841379693e-02 -1.037863905448892510e+00
1.130037223037361344e-01 2.954793988039011410e+01 8.850669028829992513e+00 5.983939161499964854e-01 4.931756846093531266e-01
1.656687895618974837e-01 4.129984298583290325e+01 7.883167622186165069e+00 -2.640608424233334972e-01 7.636624029166267924e-01
3.389280566373475412e-01 -2.039985221419906847e-01 3.457168674969731903e+00 -5.164919831944060347e-01 -4.881528746377739036e-01
1.047749630113133240e-01 3.260231035848775605e+01 2.504472244261370406e+01 5.638765078328340508e-01 3.789458360282385030e-01
1.344042694922799597e-01 8.822946923216226978e+00 3.286752759725777739e+00 -1.984870274269354695e-01 7.300952793482464731e-01
6.815800107207860281e-02 1.907119885780546298e+01 -3.888745003550409862e+00 -4.033993068458094911e-01 -4.660692108113235754e-01
1.624081638302746489e-01 2.253049002190208228e+01 2.032972793935611122e+01 -3.261454307090261295e-01 5.178537255906565662e-01
6.973176802257892160e-01 -1.447808455591597321e+00 1.101286197345780593e+00 4.572319898081112499e-01 -3.450834913783049629e-01
2.180128122673039570e-01 2.307065845415085903e+01 1.061228568738520828e+01 4.265997374971490785e-01 -3.306526908051612423e-01
1.780236435825435504e-01 4.425144272764737252e+01 1.206590914495961453e+00 6.308453511887925913e-01 -1.048508334350637394e-01
2.039047695382284475e-01 1.878836925660879231e+01 1.428354958935745955e+01 -3.760367698127886626e-01 -3.458072083271543917e-01
6.807428828841934065e-02 1.850932339407368676e+00 5.605176554575475478e+00 -3.077795545549769640e-01 3.159596304501359754e-01
4.042741351876584788e-01 -1.256446474830562599e+00 1.029138931111154287e+00 3.615509994275938888e-01 -3.090098582609918099e-01
7.052863458468341396e-01 3.010100267067128144e+01 9.257377036330376896e+00 3.218625210094128164e-01 2.898216808591609350e-01
1.345237851025987419e-01 3.785992236299326663e+01 8.919334107777054044e+00 -1.097559486927721650e-01 4.813852063334786990e-01
8.066619136978853133e-02 2.602201592246700557e+01 -6.850298902513693555e+00 1.646735511112549233e-01 -4.093511725914522614e-01
2.097512449390696310e-01 2.644089799303341337e+01 9.510520499748251311e+00 4.112768576283478694e-01 1.197914790487129011e-01
1.903199221549027875e-01 4.538828276708793652e+01 5.031705188685180019e+00 3.276097101017647617e-01 1.962088563222188498e-01
3.813403519558533628e-01 -8.852728694221038142e-01 3.168214492694083173e+00 -1.758548095543494560e-01 -3.436757834999495387e-01
1.322660738382082923e-01 3.807393402241314107e+01 -5.363330731237168969e+00 -2.434853704676562813e-01 -2.637494197452108224e-01
1.849907511356629619e-01 6.217861174542804292e+00 5.253920278469781380e+00 1.732671474627820452e-01 3.292588458486718217e-01
9.570849403921499743e-02 3.149883397489575998e+01 2.465461710330013645e+01 1.848173791799627708e-01 2.889625137967968271e-01
1.090041018637922576e+00 3.572532602783958566e+01 2.694241134759064948e+01 -1.974983840327446671e-01 -3.321836934117765594e-01
1.381856274846519073e-01 2.717506222488364998e+01 2.313717756690176941e+01 -1.707142422975636009e-01 2.528845333073679313e-01
2.303686927765666026e-01 1.916834955626098136e+01 1.257842713813720970e+01 -5.858898486803632011e-02 -3.448895148873720728e-01
1.336042146929311281e-01 1.446220595051340041e+01 -1.205173549088433438e+00 -2.566167518989246332e-01 1.367535512022028388e-01
2.037044463238007752e-01 1.906164873543989202e+01 1.744939248721756897e+01 -2.361245753298302219e-01 1.487128368849042204e-01
1.879933943240057748e-01 4.379609347436196032e+01 -8.376793202453851617e-01 1.931150635661786907e-01 -1.570045212870634366e-01
1.795929471334215544e-01 4.112506228511787043e+01 9.057291295298037781e+00 -1.766704920658170863e-01 1.766005663606904363e-01
1.347646173780363832e-01 3.405825693000237919e+01 9.467585332272919985e+00 8.588448672846737963e-02 2.482944515717857570e-01
3.477915345462694319e-01 -5.397061256911144245e-01 4.178707639346759706e+00 -2.093491117065378604e-01 -1.226888081527635066e-01
2.288640813496950199e-01 2.086627538683118033e+01 1.110813499720951469e+01 9.542335946089863796e-02 -2.352905220116392471e-01
1.553375656336801469e-01 1.857413065208379521e+01 -4.495071944639468242e+00 -1.548652039849756079e-01 -1.629057402667943855e-01
1.331256945394181823e+00 -1.000446282863529213e+00 5.769603032919601304e-01 2.335509034440771958e-01 -8.292054435139473156e-02
1.128963936888656289e-01 2.612395844160050373e+01 -7.307687142404645009e+00 1.137022915445058402e-01 -1.806570526459765347e-01
2.720814930337802640e-01 3.456797822480226046e+01 2.638919487516158568e+01 1.644260585811743169e-01 -1.211157450374464872e-01
4.821246235540414204e+00 3.564591210072480010e+01 2.655129157217784552e+01 -1.577914204753518845e-01 -1.366238057053745791e-01
1.889739345412125571e-01 4.026551556333971860e+01 -4.345284688911600135e+00 -1.254696170707205738e-01 -1.539382843084333707e-01
1.504289796217636310e-01 8.270318090949935197e+00 4.349255496070974836e+00 7.782738870621042082e-02 1.988439111756479249e-01
1.928763395885804421e-01 4.570023690892968204e+01 5.245836719094388201e+00 1.716326391808919993e-01 8.914309111761475890e-02
3.642405431673741423e-01 1.542892129236115295e+00 6.043569197280821648e+00 -1.537594494693502734e-01 9.676330909746289066e-02
1.357375695616133970e-01 2.439914963353783506e+01 2.239619466065388664e+01 -8.994642647094686083e-02 1.230380479990067499e-01
4.797925997140838894e-01 3.338597432955554467e+01 2.574435650561403222e+01 1.720445222989397394e-01 2.912880452807442566e-02
1.508926068485713368e-01 1.416113093623721042e+01 -1.117840636601940663e+00 -1.060792447608296385e-01 9.308709495895645114e-02
2.291647269484548832e-01 4.523575108134649270e+01 1.115556163877538864e+00 1.386911743392325036e-01 -5.933345812585244516e-02
2.133848554124178620e-01 2.690481600147388264e+01 9.726519266567127175e+00 1.793178534081132369e-01 1.179209563927496873e-02
2.701981355229454151e-01 4.357688726668544632e+01 8.394684993194861278e+00 -1.322093907681427538e-01 5.603417825120171614e-02
1.544894270865498020e+00 3.553749548976526285e+01 2.643368277324792714e+01 -1.035831149955832586e-01 -7.781940624041538968e-02
3.339115668407339199e-01 -7.835292502413806481e-01 4.117042622628540371e+00 -8.743754943140474856e-02 -9.185629979365383946e-02
1.976151955810179217e-01 1.880184244143644534e+01 1.762406108310346653e+01 -1.062214283281068816e-01 6.137853894195544058e-02
2.056824789723099567e-01 2.097428237563838849e+01 1.089309827150290388e+01 4.141986505729455814e-02 -1.277721591583338423e-01
1.269101464173510552e+00 -7.807065535243874477e-01 4.961262628936378150e-01 1.236810387745063133e-01 -4.250352415223357383e-02
1.488096670166324742e+00 3.416145482201793726e+01 9.716322594052472894e+00 3.428554072068834557e-02 1.239258206820093022e-01
1.587248326804495402e-01 1.021553229029702337e+01 2.881704654875890892e+00 2.913363872575214231e-02 1.242030120397601411e-01
5.155530701750387079e-01 -1.280120087095976134e+00 2.736943974985286854e+00 2.156879928258670365e-02 -1.280405246455513790e-01
3.578289383933384027e-01 3.169692903389986327e+01 2.510602329287758749e+01 8.576984967791112524e-02 6.325941900807130480e-02
1.153077898460101586e-01 2.623606667693660199e+01 -7.487086751840565491e+00 5.764817387645670976e-02 -9.095724792801629377e-02
1.798408347245940286e-01 3.778894399711166585e+01 -5.806839385273294241e+00 -1.009903578169186744e-01 -4.199509272714818664e-02
1.488023165689656424e-01 1.844187036177099870e+01 -4.718238481354505076e+00 -8.873505882857735116e-02 -5.132247190927596847e-02
4.431964300411938562e-01 8.738578296066480677e-02 5.209071040610246506e+00 -8.946474478394528251e-02 4.457154021189069226e-02
3.009224964789370960e-01 4.588082046455258478e+01 5.330745212770839458e+00 8.134086136944063128e-02 4.668884427938913007e-02
1.778199490585149201e-01 3.773852496260924738e+01 9.726859926123006872e+00 -4.905724850076254029e-02 7.762229716050228490e-02
2.193052609912400086e-01 1.818875423788424683e+01 1.368626725277743184e+01 -7.622926045051592325e-02 -4.716604003714053306e-02
1.761783324542712525e-01 2.692593394110297567e+01 2.350484814450121007e+01 -4.615010040722644646e-02 6.904924450764760024e-02
3.955076451156110395e-01 3.481529874328501251e+01 2.629998573211259227e+01 4.076579933979829207e-02 -7.651117351294978164e-02
2.671161521609870526e-01 4.565197063329455851e+00 6.473090957153693203e+00 7.031082752085371368e-02 3.875809088302917260e-02
7.875200403339075450e-01 2.709024048993265765e+01 9.713805942480469469e+00 8.660560917872572873e-02 1.814875768260382216e-02
2.066666299690610165e-01 4.538359259572985849e+01 1.065252005640737742e+00 6.477041714754960822e-02 -3.418137900745188418e-02
1.463546759825603782e+00 3.077794750703276350e+01 9.987980703274576655e+00 -1.660989717132821397e-02 -7.548015261293894440e-02
2.674096332471680437e-01 4.091777309125890838e+01 9.447074707092665946e+00 -7.302589513633606089e-02 -1.829113953662364622e-02
2.759965643548675240e-01 2.098158381339798950e+01 1.074457845147350632e+01 3.776914617749405068e-02 -5.351224914363506002e-02
2.515769999187602024e-01 1.802292882782627359e+01 1.555927490396679858e+01 -6.165747442987701277e-02 3.216095696443765917e-02
5.341171409735763209e-01 -1.273031222093380377e+00 2.618351485896742936e+00 1.802436678128882530e-02 -6.874428010127942024e-02
3.807758368264583804e-01 1.336264123879475463e+00 6.164200943128987475e+00 -5.044544679103035723e-02 3.644743617337997676e-02
1.433955152180328985e-01 4.007750588093077937e+01 -4.543226677987279416e+00 -3.146477586625096023e-02 -5.496728977059373022e-02
7.354134476271939391e+00 3.548019751355820972e+01 2.629826868206126278e+01 -7.493412689205669608e-02 -1.011236064708320725e-02
1.647972084577414009e-01 1.024273677396637794e+01 3.003750661578755476e+00 1.553139689107485566e-02 6.318000868832784889e-02
1.796066113364336025e-01 2.627301475817514032e+01 -7.590411306949180315e+00 3.917413325718754891e-02 -3.929497037370888179e-02
3.612597854228666305e-01 3.177017638218292106e+01 2.518503129546792252e+01 4.914617553638223058e-02 2.375541771290379245e-02
1.426044805955070327e+00 3.416020812975405363e+01 9.890669594914736962e+00 3.490888685263016100e-02 3.675232025087726839e-02
1.462200707901543939e-01 1.835764376366219608e+01 -4.771531280350847837e+00 -4.662175977417604145e-02 -2.467607241110458816e-02
3.185752132580390028e-01 4.340912305722673636e+01 8.473183680315695909e+00 -4.832728603878777562e-02 1.678483469078440038e-02
2.499226389535716408e-01 4.597297192935041465e+01 5.366025460590375218e+00 3.526512897052569429e-02 2.904872036962125037e-02
4.934277104843283190e+00 -9.527438307903027814e-01 1.334260751617381890e+00 -3.973030617372391715e-02 -2.450177992318858244e-02
4.903113858934806224e+00 -6.466349381596232515e-01 4.174019743098137947e-01 5.664523109212421526e-02 -3.141379860321563688e-03
1.936238149790239782e-01 1.401460540313808778e+01 -9.828825196929030783e-01 -3.281647821126831843e-02 2.560803650443765900e-02
1.436244386702101028e-01 2.688132177337800854e+01 2.357464658301921645e+01 -2.384401654474288534e-02 3.415002524864441114e-02
8.133816603737008322e+00 3.486285487505288927e+01 2.623735035513577785e+01 1.698773345585991024e-02 -4.519348502454256788e-02
2.112409003981245148e-01 4.221703606354903116e+01 -3.007257004657506005e+00 3.049634757736541246e-02 -2.589684046620166491e-02
1.735258872487977500e-01 2.387090129709822506e+01 1.000725032651680202e+01 2.647831602346606417e-02 -2.813501037095811341e-02
1.069964313175177484e+00 2.719712488341209067e+01 9.709700365750510542e+00 3.316341243900922109e-02 2.020154604758328531e-02
1.482378469706429946e+00 3.765369120462501229e+01 9.795633750635150960e+00 -6.640369508644994312e-03 4.323538490443024074e-02
3.255004598941300120e-01 1.796367871348691381e+01 1.558953959165086722e+01 -3.203241726019712132e-02 1.702861312240333547e-02
8.046745091108451930e+00 3.540817546098953983e+01 2.629830320397879362e+01 -3.892310060772175007e-02 -1.012962160584862659e-02
2.305907970987775835e-01 3.504833863253654158e+01 -6.853014355642655708e+00 -4.426426164679853059e-02 4.419448932751812720e-03
1.901840044794148865e-01 2.924717804389058529e+01 -7.698038643661774039e+00 2.429893105993130575e-02 -2.479539152546417213e-02
7.945072771365229158e-01 -1.257454898170369706e+00 2.553409005979392798e+00 1.023620481978348984e-02 -3.627304014260435139e-02
2.966792508842003850e-01 6.484442995732537796e+00 5.924080456892054869e+00 3.997623686791529352e-02 -5.821243362464922910e-03
1.404957939576506609e+00 3.076719577065010469e+01 9.906116176071931179e+00 -1.123402897999881134e-02 -3.454788901161620629e-02
3.713953150014964177e-01 1.290815601252332190e+00 6.205534215729705316e+00 -2.772118547745872075e-02 1.578079987302105636e-02
3.146363880134312452e-01 1.904444104899792833e+01 1.196885457481100445e+01 3.365268763490192327e-03 -4.010323322426945225e-02
7.504899151337316443e-01 3.365302888220893607e+01 2.579425606854312036e+01 3.851724597224404079e-02 4.179023063530351578e-03
3.680840999022796378e-01 4.005955000273269917e+01 -4.616366262882241500e+00 -2.248683676721086044e-02 -1.839749732311268815e-02
4.758388895036980704e-01 4.511601485795361555e+01 7.124709357715818925e+00 -8.820481390049650372e-03 3.202058283360775803e-02
3.273534838957100068e-01 4.610848056547843754e+01 3.305804052103686441e+00 1.631147690713063980e-02 -2.456489634613379103e-02
1.823804735873174321e-01 1.025038955478415126e+01 3.072609250841372930e+00 1.170500648218819606e-02 2.875071405701912219e-02
3.274133961197459031e-01 4.082397735861499655e+01 9.437725836393958900e+00 -2.612802881438014424e-02 -1.361670418727012333e-02
1.849180720251528409e-01 1.996405014204450268e+01 1.965124999469758293e+01 -4.174793872806503714e-03 3.428233630276622534e-02
8.606259251550761880e-01 3.419578019978150252e+01 9.926412516853662993e+00 1.712285183890571716e-02 1.888085928141425285e-02
1.637532238488143554e-01 1.830192125847640838e+01 -4.788604768633353714e+00 -1.876050718128219330e-02 -1.613932826985164937e-02
2.348760492739760120e-01 4.411561026125651352e+01 -1.154478470524974432e+00 3.335667011890208755e-02 1.395053852731198418e-03
3.971018845905210926e-01 1.806013306255184148e+01 1.363700572225084251e+01 -1.191867278431324451e-02 -2.253527477384587030e-02
2.540403479356681538e-01 3.763562848671081440e+01 -5.909412571342518739e+00 -2.433260261649294875e-02 9.291500307464062303e-03
3.746994753626169961e-01 -9.113938909936533106e-01 3.949056599330620365e+00 -2.350522905526841733e-02 -7.863288144693836301e-03
4.301540663738995240e-01 3.181037294602487719e+01 2.522893511217038309e+01 2.904789361540416337e-02 1.803509361673505396e-03
4.736996558947123681e+00 -5.935220757166759231e-01 4.119501169332232537e-01 3.008879987065055106e-02 -4.154511720262932251e-04
3.620989418835210305e+00 -1.266102967707682492e+00 2.512662761025262093e+00 1.456023958843988275e-02 -1.589991766553899843e-02
1.657070007752284191e+00 3.537788797379535310e+01 2.628900858020053732e+01 -2.377935701062838802e-02 -5.482309716720479287e-03
6.153803812617837377e-01 4.601765014192325509e+01 5.392758016309551650e+00 1.292602268410547595e-02 1.568244251003303447e-02
3.901931118538228827e-01 4.655294232871780125e+00 6.544344541062086407e+00 2.526224274969157690e-02 3.131298928832570994e-03
5.004433067844097138e+00 3.488677692178662681e+01 2.619120879144066905e+01 5.026710088991137582e-03 -2.212270317698816768e-02
1.923167979314510112e-01 2.685726484610581366e+01 2.361267827221502102e+01 -1.181555290864544361e-02 1.513418065074212393e-02
9.767788641521616411e-01 2.723025053835660003e+01 9.730069947660043184e+00 1.660058496675453910e-02 1.001675509281696463e-02
1.877009044899585755e-01 2.389743958751369490e+01 9.977310392041763620e+00 1.320917081573114160e-02 -1.316504313343891397e-02
2.151488711108403840e-01 1.397846566934926393e+01 -9.533733586679741245e-01 -1.474661131685639504e-02 1.085345599197318212e-02
1.455732189702022783e+00 3.763837042918820686e+01 9.834319068255062746e+00 1.020018209757722616e-03 2.389272609447434803e-02
3.261571293932173377e-01 4.335922662876207312e+01 8.503941364756997245e+00 -2.337907180645615313e-02 1.405992470133732297e-03
1.753530127098581470e-01 2.927067073375688011e+01 -7.723260390719175916e+00 1.255258612678389341e-02 -1.218451799676323333e-02
1.503804885177488782e+00 -5.634327322924131964e-01 4.115353856356052109e-01 5.634327322924131964e-01 -4.115353856356052109e-01
