5.318836313558154671e+00
5.257597536578611397e+00
-3.829294108873771973e-01
7.391077514511393609e+00
5.191784631042017040e+00
-5.212752757149041294e+00
1.368380534177520147e+01
1.368356366411441272e+01
-3.907856914527079589e-02
1.064203739504503332e+01
1.008173342756492552e+01
-3.336293585541186157e+00
1.298848042338700814e+01
-1.176024958905738060e+01
5.470386604514096085e+00
7.658097637420419268e+00
3.171072463923311879e+00
-6.939206811665221686e+00
8.491893559992904628e+00
8.348993615301411708e+00
1.380719985429308405e+00
8.460678125632785651e+00
-8.403923538102926472e+00
-6.536007794138466442e-01
2.768049582900021477e+01
2.660869888715095044e+01
-7.621155538851287048e+00
1.423586132901446000e+01
1.184976718840555776e+01
-7.879696141051474534e+00
-1.054023864444810954e+01
4.964358568028655050e+00
1.486135098186044390e+00
3.432915726657065125e+00
-6.542597432453599593e-01
7.375866350018936979e-01
7.855271408254867360e+00
-2.810046382888876870e+00
3.878795023460696739e-02
1.275955202946124967e+00
3.017532111470016543e-01
3.984913372648382079e+00
1.043567813988301474e+01
2.809206395847573035e+00
2.542605256831177840e+01
9.529925815253699639e+00
7.805543042396579700e+00
7.137126879205191621e+00
1.269999544743311448e+00
1.292205998765967756e+01
