7.776169918438517570e+00
-7.729206774459068896e+00
6.344148575151991043e-01
1.943723005696201511e+01
1.845330554635296139e+01
6.097119408441278310e+00
1.368996848406718136e+01
1.139760264464049833e+01
7.549728519584514963e+00
1.242160700664000927e+01
1.242049787231730029e+01
1.380420836247892302e-01
1.097164899048846465e+01
-8.179448780056132406e+00
-7.279129557436267106e+00
9.144619413924726103e+00
-4.548108218427002747e+00
7.917150464872015014e+00
1.475347469592442451e+01
8.941469042990608074e+00
1.171521943228071549e+01
5.545896687603828035e+00
-5.242324460437288280e+00
-1.671483589861761487e+00
7.245855984394809823e+00
2.150656487736636535e+00
6.883010990157537812e+00
1.100729190049809780e+01
-8.231765259464696172e+00
7.300443959104217839e+00
-6.128445591221023392e-01
2.552733051973006706e+00
1.650351312365365475e+00
-1.179657232088869023e-01
4.849352280852264885e-01
-4.384898550743201895e+00
1.728888905322104375e+00
5.533532237682354804e-01
4.681806074858888778e+00
2.999885008918706797e-01
1.817802941669267724e+01
1.650461053433424752e+01
5.084195741175128624e+00
1.261317799512573223e-01
1.488752105933453684e+01
1.565408822877213169e+01
8.554486209419225773e+00
1.796450294227846811e+01
3.361662939231286895e+00
1.510993737940478354e+01
