8.943930868451950567e-02
4.867271406390626825e-04
6.176369745303798625e-04
2.695203721220307616e-02
2.421313889852196076e-04
4.894072347828620686e-04
1.507488513308869252e-02
1.676642860766123632e-04
4.186941247975216004e-04
1.472199035318905724e-01
7.266418390759014087e-04
7.275517544594763391e-04
2.640523882036102665e-02
2.652852514208164903e-04
5.339944230999511083e-04
1.370101279711440773e-02
1.701988219457257958e-04
4.374113063381340760e-04
4.678937405654947645e-01
1.797120076051769407e-03
1.105963065474121088e-03
2.736636043990168035e-02
3.341014350640976005e-04
7.051756620129017968e-04
1.348850172731378902e-02
1.930620759345734103e-04
5.287553672098737299e-04
5.634274603166787854e-01
6.142612344334482354e-03
2.360102861822763100e-03
2.908013885743653340e-02
4.689232309331180020e-04
1.187911925674994817e-03
1.507161377633016788e-02
2.495524429027281090e-04
7.697203770694780681e-04
1.292587623607601155e-01
5.053668106649773957e-03
5.842976848603587299e-03
3.206150378258841582e-02
6.326969740060954788e-04
2.114237790216742015e-03
1.840084235613149294e-02
3.399357558262715556e-04
1.224451021280791030e-03
8.678279903775468207e-02
4.635107064936562059e-04
6.224901226727513632e-04
2.555007739705638173e-02
2.308262489460343890e-04
4.884072118930587103e-04
1.434895765511232449e-02
1.603829543587196932e-04
4.155806626185652979e-04
1.558219214699014810e-01
7.038709812586191675e-04
7.466310929766298548e-04
2.484148895238849283e-02
2.507591503432683006e-04
5.352249751379001665e-04
1.289403107827361526e-02
1.611395676131002427e-04
4.335267421338367478e-04
1.811875919294347215e+00
2.316046174468656092e-03
1.251976419548110576e-03
2.567916234580621196e-02
3.186061523501515155e-04
7.361512864914502392e-04
1.255389923738612322e-02
1.817292268019362483e-04
5.294743521621854193e-04
1.176536259046738198e-01
4.516379419024900421e-02
3.573585743225150477e-03
2.718881933597541017e-02
4.625284958904303631e-04
1.389254671608001557e-03
1.417319109974583130e-02
2.384081432615769839e-04
8.006296205473375496e-04
1.140227615290078794e-01
6.013422559004158972e-03
1.216832382939572743e-02
3.050471805770768596e-02
6.204122672032265405e-04
2.530815330176469560e-03
1.764719556906700626e-02
3.295649266763333966e-04
1.308982311535938957e-03
8.097039244580352124e-02
4.435975716396830734e-04
6.383943204593589462e-04
2.452883699525423497e-02
2.243308137389500177e-04
4.975797870895629603e-04
1.395627655938719118e-02
1.569079096406995096e-04
4.214514561726636493e-04
1.409670046432598689e-01
6.633710265214831994e-04
7.795282647358986027e-04
2.367387562640806825e-02
2.420374626438086122e-04
5.501222263079304058e-04
1.249262251250731447e-02
1.569070224397543399e-04
4.413916389731706693e-04
2.507714075430635070e+00
2.285432828447266085e-03
1.427154415831822891e-03
2.432268349286498960e-02
3.071471793689908164e-04
7.873508958542020479e-04
1.211857345399429235e-02
1.763120741479230465e-04
5.452505308954556885e-04
7.762144835691917979e+04
7.627942168354043679e+04
5.807097928997403090e-03
2.584584994727229593e-02
4.533267660649382535e-04
1.643587872964372186e-03
1.377163720805949475e-02
2.326986858237951753e-04
8.455728989543803914e-04
1.081200870355398108e-01
5.234910310070796033e-03
4.882367852973591021e-02
2.956983058447557045e-02
6.045914754475765172e-04
2.987865950011852310e-03
1.731010297802590067e-02
3.235542668442542525e-04
1.403509329576653778e-03
7.356815707206519617e-02
4.280221120367676290e-04
6.656195916525106194e-04
2.392300719163275094e-02
2.227046565952826482e-04
5.174604262533270913e-04
1.389585220144058664e-02
1.572388463844252751e-04
4.368152988554420326e-04
1.125343261995007810e-01
6.118489526699272263e-04
8.237652720005917122e-04
2.299784038922022752e-02
2.396640075884288014e-04
5.792978877981445635e-04
1.250996960275737799e-02
1.576878881215800453e-04
4.619811464119872235e-04
3.447171961039635635e-01
1.509123331876528881e-03
1.510842986997584878e-03
2.357496026854556323e-02
3.001386703778960766e-04
8.357304494918572782e-04
1.224420308729562250e-02
1.775531629910775836e-04
5.767202770948353253e-04
2.465769299585972851e-01
5.020083708169881080e-03
6.048781223632191360e-03
2.554604326479602283e-02
4.327258114288319102e-04
1.712100747844363512e-03
1.391458647709694317e-02
2.327592349762453827e-04
8.952794467522899114e-04
1.022891081317388595e-01
3.566925833917564646e-03
5.916530743993512260e+03
2.928731118353908661e-02
5.848598503490423390e-04
3.292932843395879328e-03
1.739000861101691608e-02
3.218235048082287997e-04
1.491825989377193462e-03
