-1.067353314087403193e+00 -1.279636481559405015e+00
-1.040710930629009212e+00 -1.282875595257056078e+00
-1.005187752684641556e+00 -1.282875595257056078e+00
-9.741049719832606257e-01 -1.282875595257056078e+00
-9.474625885251029001e-01 -1.286114708954362751e+00
-8.986182188515382530e-01 -1.286114708954362751e+00
-8.542142464209604436e-01 -1.279636481559405015e+00
-8.186910684765926760e-01 -1.276397367862098342e+00
-7.876082877752118572e-01 -1.269919140467485219e+00
-7.476447125876208855e-01 -1.266680026770178547e+00
-7.076811374002662802e-01 -1.260201799375565423e+00
-6.632771649696884708e-01 -1.244006230888687892e+00
-6.099923980531368750e-01 -1.227810662401810582e+00
-5.700288228655460143e-01 -1.198658639125706804e+00
-5.433864394073882886e-01 -1.166267502152296354e+00
-5.211844531919812562e-01 -1.137115478875847963e+00
-5.034228642197974279e-01 -1.088528773415559980e+00
-4.856612752476134887e-01 -1.046420295350229956e+00
-4.678996862754296049e-01 -9.978335898899420853e-01
-4.545784945462326698e-01 -9.492468844296542141e-01
-4.456977000602588279e-01 -8.941819515744084956e-01
-4.368169055740487861e-01 -8.326387913248943784e-01
-4.234957138448518510e-01 -7.775738584696487710e-01
-4.190553166018649023e-01 -7.257480393120543383e-01
-4.146149193588780091e-01 -6.642048790625401100e-01
-4.101745221158911159e-01 -6.123790599046010641e-01
-4.057341248726679672e-01 -5.637923544443131929e-01
-4.057341248726679672e-01 -5.184447626813318832e-01
-4.057341248726679672e-01 -4.795753983133083653e-01
-4.057341248726679672e-01 -4.374669202476336727e-01
-4.057341248726679672e-01 -3.985975558792654860e-01
-4.057341248726679672e-01 -3.597281915112420236e-01
-4.012937276296810740e-01 -3.305761682347935215e-01
-3.968533303866941253e-01 -2.949459175640766206e-01
-3.835321386574971902e-01 -2.625547805906662813e-01
-3.657705496853133065e-01 -2.334027573142178069e-01
-3.346877689839324876e-01 -2.042507340381140291e-01
-2.947241937963415714e-01 -1.750987107620102234e-01
-2.414394268797899479e-01 -1.589031422751327194e-01
-1.970354544492121385e-01 -1.491858011832130071e-01
-1.215487013174897379e-01 -1.459466874859064456e-01
-6.382353715771496572e-02 -1.524249148805195686e-01
-2.830035921334722246e-02 -1.815769381566233742e-01
-6.098372998176446354e-03 -2.172071888276849716e-01
1.166321597400742614e-02 -2.495983258010953110e-01
4.274599667538826753e-02 -2.884676901694634976e-01
6.494798289079529996e-02 -3.240979408401803985e-01
8.270957186297916985e-02 -3.564890778139354066e-01
1.226731470503338167e-01 -4.018366695765720475e-01
1.448751332657408353e-01 -4.407060339449402342e-01
1.670771194809116122e-01 -4.860536257079215439e-01
1.848387084530954960e-01 -5.216838763786384447e-01
2.070406946682662730e-01 -5.670314681416197544e-01
2.203618863974632358e-01 -6.091399462072945026e-01
2.425638726128702682e-01 -6.544875379702758122e-01
2.647658588280410452e-01 -7.063133571278702449e-01
2.736466533142510871e-01 -7.613782899831158524e-01
2.869678450432118222e-01 -8.002476543511394258e-01
2.914082422864349708e-01 -8.293996776272432037e-01
3.047294340156319614e-01 -8.585517009036915947e-01
3.180506257445926410e-01 -8.909428378771019341e-01
3.402526119599996735e-01 -9.298122022454701208e-01
3.580142009321835572e-01 -9.654424529161870216e-01
3.757757899043674410e-01 -9.881162487976776765e-01
3.979777761195382180e-01 -1.020507385771432851e+00
4.201797623349452504e-01 -1.039942067955272220e+00
4.379413513071291342e-01 -1.059376750139456203e+00
4.601433375222999111e-01 -1.075572318626333734e+00
4.823453237374706881e-01 -1.095007000810517939e+00
5.089877071958646138e-01 -1.114441682994701921e+00
5.267492961680484420e-01 -1.130637251481234840e+00
5.533916796264424232e-01 -1.146832819968112371e+00
5.844744603278232420e-01 -1.163028388454989681e+00
6.155572410292040608e-01 -1.175984843244216149e+00
6.510804189735718284e-01 -1.195419525428400132e+00
6.954843914041496378e-01 -1.211615093915277663e+00
7.443287610777143959e-01 -1.218093321309890786e+00
8.020539252372528294e-01 -1.224571548704503909e+00
8.508982949108175875e-01 -1.227810662401810582e+00
9.130638563135792252e-01 -1.227810662401810582e+00
9.752294177163409739e-01 -1.221332435007197459e+00
1.024073787389905732e+00 -1.208375980217626378e+00
1.068477759820483541e+00 -1.188941298033787008e+00
1.121762526737035026e+00 -1.159789274757338617e+00
1.166166499167612836e+00 -1.127398137783928167e+00
1.192808882625770561e+00 -1.098246114507824389e+00
1.219451266084164542e+00 -1.065854977534069326e+00
1.241653252299335319e+00 -1.020507385771432851e+00
1.241653252299335319e+00 -9.751597940084514304e-01
1.241653252299335319e+00 -9.298122022454701208e-01
1.241653252299335319e+00 -8.747472693902245133e-01
1.241653252299335319e+00 -8.293996776272432037e-01
1.237212855056348371e+00 -7.775738584696487710e-01
1.237212855056348371e+00 -7.225089256147477768e-01
1.237212855056348371e+00 -6.642048790625401100e-01
1.228332060570138218e+00 -6.188572872995588003e-01
1.210570471597954390e+00 -5.799879229311907247e-01
1.179487690896573682e+00 -5.281621037735962920e-01
1.148404910195192752e+00 -4.925318531025346669e-01
1.112881732250825095e+00 -4.504233750368599187e-01
1.081798951549444165e+00 -4.115540106688364563e-01
1.050716170848063458e+00 -3.694455326031617082e-01
1.010752595660708630e+00 -3.305761682347935215e-01
9.619082259871439833e-01 -2.884676901694634976e-01
8.953022673413953969e-01 -2.398809847091756264e-01
8.464578976678306388e-01 -2.042507340381140291e-01
7.976135279942659917e-01 -1.621422559724392809e-01
7.487691583207012336e-01 -1.200337779071092292e-01
7.132459803763334660e-01 -9.088175463066076876e-02
6.866035969179395959e-01 -5.849061765725041551e-02
6.555208162165587771e-01 -2.933859438114662724e-02
6.333188300013880001e-01 3.052542592608402557e-03
6.111168437859809677e-01 2.896545217140562151e-02
5.889148575708101907e-01 5.811747544750940631e-02
5.622724741124162096e-01 9.050861242091975956e-02
5.356300906542585949e-01 1.261388630919813569e-01
5.178685016820746556e-01 1.650082274600048471e-01
5.045473099528776650e-01 2.071167055256795675e-01
4.956665154666676232e-01 2.557034109859674387e-01
4.912261182236807300e-01 2.945727753543356253e-01
4.956665154666676232e-01 3.399203671173169350e-01
5.045473099528776650e-01 3.852679588802981892e-01
5.223088989250616043e-01 4.306155506432794988e-01
5.400704878972454326e-01 4.630066876166898382e-01
5.667128713556394137e-01 4.953978245901002331e-01
5.889148575708101907e-01 5.213107341692421182e-01
6.155572410292040608e-01 5.472236437480393345e-01
6.421996244873617865e-01 5.698974396295299893e-01
6.732824051887426053e-01 5.893321218133693584e-01
7.132459803763334660e-01 6.087668039975534517e-01
7.709711445358720106e-01 6.282014861817375451e-01
8.242559114526598618e-01 6.541143957605347614e-01
8.819810756121984063e-01 6.767881916420254163e-01
9.574678287441570346e-01 7.059402149181291941e-01
1.041835376362089560e+00 7.448095792864973808e-01
1.112881732250825095e+00 7.804398299572142816e-01
1.175047293653586733e+00 8.160700806282759068e-01
1.223891663327151491e+00 8.678958997858703395e-01
1.277176430243702976e+00 9.229608326407713337e-01
1.303818813702096957e+00 9.585910833118329588e-01
1.330461197160490938e+00 9.974604476802010344e-01
1.348222786132674766e+00 1.049286266837795578e+00
1.357103580618648664e+00 1.084916517508512479e+00
1.365984375104858595e+00 1.120546768179573993e+00
1.379305566834055696e+00 1.165894359942555303e+00
1.383745964077042423e+00 1.204763724310578876e+00
1.383745964077042423e+00 1.237154861284333940e+00
1.388186361320029372e+00 1.263067770863131045e+00
1.388186361320029372e+00 1.288980680441928373e+00
1.379305566834055696e+00 1.321371817415338601e+00
1.352663183375661715e+00 1.357002068086400337e+00
1.321580402674280785e+00 1.389393205059810565e+00
1.272736033000716027e+00 1.418545228335914343e+00
1.219451266084164542e+00 1.441219024217404998e+00
1.170606896410599784e+00 1.460653706401589202e+00
1.112881732250825095e+00 1.473610161191160062e+00
1.032954581875879407e+00 1.489805729677692980e+00
9.707890204733540251e-01 1.502762184467263840e+00
8.775406783692115686e-01 1.512479525559183635e+00
7.976135279942659917e-01 1.515718639256834699e+00
7.310075693485174053e-01 1.515718639256834699e+00
6.421996244873617865e-01 1.518957752954141371e+00
5.533916796264424232e-01 1.522196866651447822e+00
4.690241320085099530e-01 1.522196866651447822e+00
4.112989678487352085e-01 1.525435980348754494e+00
3.002890367724088128e-01 1.531914207743367617e+00
2.381234753696471196e-01 1.531914207743367617e+00
1.803983112101086028e-01 1.531914207743367617e+00
1.315539415365438725e-01 1.528675094046061167e+00
2.054401046021749055e-02 1.525435980348754494e+00
-1.259890985604766589e-01 1.518957752954141371e+00
-2.014758516924352871e-01 1.515718639256834699e+00
-2.680818103381839013e-01 1.509240411861876963e+00
-3.036049882825516133e-01 1.506001298164570512e+00
-3.924129331434709766e-01 1.499523070769957389e+00
-4.456977000602588279e-01 1.496283957072650717e+00
-4.901016724906003819e-01 1.493044843375344044e+00
-5.389460421641650845e-01 1.489805729677692980e+00
-5.833500145947428939e-01 1.489805729677692980e+00
-6.366347815112944897e-01 1.489805729677692980e+00
-7.032407401572793315e-01 1.489805729677692980e+00
-7.609659043168178760e-01 1.483327502283079857e+00
-8.009294795044088477e-01 1.476849274888466734e+00
-8.852970271223412624e-01 1.467131933796202325e+00
-9.519029857680898488e-01 1.454175479006976079e+00
-1.014068547170851486e+00 1.431501683125485425e+00
-1.062912916844416245e+00 1.399110546152074974e+00
-1.111757286517981003e+00 1.366719409178319911e+00
-1.156161258948322557e+00 1.327850044810296559e+00
-1.191684436892926469e+00 1.282502453047315250e+00
-1.227207614837294347e+00 1.240393974981640390e+00
-1.258290395538675055e+00 1.204763724310578876e+00
-1.284932778996832781e+00 1.175611701034475098e+00
-1.302694367969252864e+00 1.139981450363758197e+00
-1.320455956941436693e+00 1.088155631205818930e+00
-1.324896354184423641e+00 1.046047153140488906e+00
-1.329336751427410590e+00 1.003938675074814268e+00
-1.333777148670397539e+00 9.488737422199132743e-01
-1.351538737642817622e+00 8.840914682727478713e-01
-1.369300326615001451e+00 8.225483080228890298e-01
-1.378181121100975348e+00 7.610051477733749126e-01
-1.391502312830172228e+00 7.027011012208226326e-01
-1.400383107316382381e+00 6.346797135763506681e-01
-1.400383107316382381e+00 5.666583259318787036e-01
-1.395942710073159176e+00 5.148325067742842709e-01
-1.404823504559369329e+00 4.500502328274635921e-01
-1.409263901802356056e+00 3.885070725776047507e-01
-1.418144696288566209e+00 3.075292301439065401e-01
-1.427025490774540106e+00 2.492251835913543156e-01
-1.431465888017526833e+00 1.876820233414955019e-01
-1.431465888017526833e+00 1.196606356973682200e-01
-1.427025490774540106e+00 5.163924805289626940e-02
-1.427025490774540106e+00 -2.286036698618881466e-02
-1.427025490774540106e+00 -1.005990957229251498e-01
-1.427025490774540106e+00 -1.783378244593167850e-01
-1.427025490774540106e+00 -2.560765531957084340e-01
-1.431465888017526833e+00 -3.273370545374869600e-01
-1.431465888017526833e+00 -4.083148969715298948e-01
-1.431465888017526833e+00 -4.666189435237374505e-01
-1.431465888017526833e+00 -5.184447626813318832e-01
-1.431465888017526833e+00 -5.735096955365776017e-01
-1.427025490774540106e+00 -6.188572872995588003e-01
-1.427025490774540106e+00 -6.706831064571533441e-01
-1.427025490774540106e+00 -7.160306982201345427e-01
-1.427025490774540106e+00 -7.678565173777289754e-01
-1.422585093531553158e+00 -8.132041091407102851e-01
-1.422585093531553158e+00 -8.585517009036915947e-01
-1.413704299045343005e+00 -9.071384063639794659e-01
-1.413704299045343005e+00 -9.524859981269607756e-01
-1.404823504559369329e+00 -1.001072703587248647e+00
-1.395942710073159176e+00 -1.043181181652923284e+00
-1.387061915587185279e+00 -1.088528773415559980e+00
-1.378181121100975348e+00 -1.120919910389315044e+00
-1.369300326615001451e+00 -1.156550161060031945e+00
-1.355979134885804571e+00 -1.192180411731093459e+00
-1.342657943156607470e+00 -1.218093321309890786e+00
-1.324896354184423641e+00 -1.244006230888687892e+00
-1.298253970726029660e+00 -1.269919140467485219e+00
-1.262730792781662004e+00 -1.289353822651669201e+00
-1.227207614837294347e+00 -1.302310277440895669e+00
-1.182803642406716538e+00 -1.308788504835853406e+00
-1.138399669976138728e+00 -1.315266732230466529e+00
-1.093995697545797174e+00 -1.315266732230466529e+00
-1.049591725115219365e+00 -1.315266732230466529e+00
-1.005187752684641556e+00 -1.315266732230466529e+00
-9.652241774972868393e-01 -1.315266732230466529e+00
-9.208202050667090299e-01 -1.315266732230466529e+00
-8.897374243653282111e-01 -1.315266732230466529e+00
-8.497738491779734948e-01 -1.312027618533159856e+00
-8.098102739903826341e-01 -1.305549391138546733e+00
-7.654063015598048247e-01 -1.295832050046282546e+00
-7.298831236154370572e-01 -1.292592936348975874e+00
-6.810387539418722991e-01 -1.279636481559405015e+00
-6.410751787545176938e-01 -1.263440913072872096e+00
-6.055520008101499263e-01 -1.247245344585994564e+00
-5.700288228655460143e-01 -1.231049776099117032e+00
-5.300652476781912981e-01 -1.211615093915277663e+00
-4.989824669768104792e-01 -1.185702184336480336e+00
-4.856612752476134887e-01 -1.163028388454989681e+00
-4.678996862754296049e-01 -1.137115478875847963e+00
-4.545784945462326698e-01 -1.098246114507824389e+00
-4.501380973032457766e-01 -1.059376750139456203e+00
-4.412573028170356793e-01 -1.007550930981861770e+00
-4.368169055740487861e-01 -9.557251118242673371e-01
-4.368169055740487861e-01 -9.038992926666729044e-01
-4.234957138448518510e-01 -8.585517009036915947e-01
-4.190553166018649023e-01 -8.132041091407102851e-01
-4.012937276296810740e-01 -7.678565173777289754e-01
-3.790917414145102970e-01 -7.030742434305636834e-01
-3.790917414145102970e-01 -6.642048790625401100e-01
-3.702109469283001997e-01 -6.350528557860917189e-01
-3.613301524423264133e-01 -6.091399462072945026e-01
-3.568897551991032646e-01 -5.670314681416197544e-01
-3.524493579561163159e-01 -5.378794448655159766e-01
-3.480089607131294227e-01 -5.054883078921056372e-01
-3.435685634699062740e-01 -4.601407161291243275e-01
-3.435685634699062740e-01 -4.180322380634495794e-01
-3.435685634699062740e-01 -3.759237599977748312e-01
-3.391281662269193808e-01 -3.370543956297513688e-01
-3.346877689839324876e-01 -2.949459175640766206e-01
-3.258069744977223903e-01 -2.625547805906662813e-01
-3.124857827687617107e-01 -2.204463025249915331e-01
-2.991645910395647201e-01 -1.815769381566233742e-01
-2.725222075811707945e-01 -1.524249148805195686e-01
-2.458798241227768411e-01 -1.329902326963355030e-01
-1.925950572062252453e-01 -1.265120053017223523e-01
-1.215487013174897379e-01 -1.232728916044157907e-01
-7.270433164392503533e-02 -1.232728916044157907e-01
-2.830035921334722246e-02 -1.394684600909486261e-01
7.222818731020521667e-03 -1.589031422751327194e-01
2.054401046021749055e-02 -1.880551655512364972e-01
4.274599667538826753e-02 -2.236854162222980946e-01
4.718639391861142313e-02 -2.657938942879728428e-01
6.050758564757213742e-02 -3.014241449586897437e-01
7.826917461999226278e-02 -3.467717367216710533e-01
9.603076359217613267e-02 -3.824019873927326230e-01
1.226731470503338167e-01 -4.342278065503271112e-01
1.581963249947015704e-01 -4.892927394052281054e-01
1.759579139671216819e-01 -5.378794448655159766e-01
2.070406946682662730e-01 -5.832270366284972862e-01
2.292426808836733054e-01 -6.253355146941720344e-01
2.603254615850541520e-01 -6.706831064571533441e-01
2.869678450432118222e-01 -7.127915845228279812e-01
3.091698312586188546e-01 -7.646174036804224139e-01
3.402526119599996735e-01 -8.196823365353234081e-01
3.624545981751704504e-01 -8.617908146009981563e-01
3.846565843903412274e-01 -9.071384063639794659e-01
4.157393650917221017e-01 -9.524859981269607756e-01
4.468221457931029206e-01 -9.978335898899420853e-01
4.690241320085099530e-01 -1.026985613166045974e+00
4.912261182236807300e-01 -1.056137636442149752e+00
5.178685016820746556e-01 -1.082050546020946857e+00
5.356300906542585949e-01 -1.101485228205131062e+00
5.622724741124162096e-01 -1.120919910389315044e+00
5.755936658416132001e-01 -1.133876365178541290e+00
6.022360493000071813e-01 -1.146832819968112371e+00
6.288784327581647959e-01 -1.163028388454989681e+00
6.688420079457557677e-01 -1.172745729546909477e+00
6.999247886471365865e-01 -1.188941298033787008e+00
7.576499528066750200e-01 -1.205136866520319927e+00
8.020539252372528294e-01 -1.211615093915277663e+00
8.508982949108175875e-01 -1.211615093915277663e+00
9.041830618273691833e-01 -1.211615093915277663e+00
9.707890204733540251e-01 -1.208375980217626378e+00
1.024073787389905732e+00 -1.201897752823013255e+00
1.068477759820483541e+00 -1.192180411731093459e+00
1.126202923980021975e+00 -1.182463070638829272e+00
1.170606896410599784e+00 -1.166267502152296354e+00
1.201689677111980714e+00 -1.143593706270805699e+00
1.223891663327151491e+00 -1.117680796692008371e+00
1.241653252299335319e+00 -1.085289659718253530e+00
1.254974444028532199e+00 -1.049659409047536629e+00
1.263855238514742352e+00 -1.010790044679168442e+00
1.263855238514742352e+00 -9.719206803111448689e-01
1.263855238514742352e+00 -9.298122022454701208e-01
1.263855238514742352e+00 -8.909428378771019341e-01
1.263855238514742352e+00 -8.488343598114272970e-01
1.263855238514742352e+00 -8.067258817460971621e-01
1.250534046785545250e+00 -7.646174036804224139e-01
1.241653252299335319e+00 -7.127915845228279812e-01
1.219451266084164542e+00 -6.674439927598466715e-01
1.206130074354967441e+00 -6.253355146941720344e-01
1.197249279868757510e+00 -5.832270366284972862e-01
1.179487690896573682e+00 -5.314012174709028535e-01
1.170606896410599784e+00 -4.892927394052281054e-01
1.152845307438415956e+00 -4.471842613395533572e-01
1.135083718466232128e+00 -4.018366695765720475e-01
1.117322129494048077e+00 -3.662064189058551467e-01
1.095120143278641045e+00 -3.240979408401803985e-01
1.064037362577260337e+00 -2.787503490771990888e-01
1.028514184632892681e+00 -2.366418710115243684e-01
9.974314039315117508e-01 -1.945333929461943168e-01
9.574678287441570346e-01 -1.589031422751327194e-01
9.263850480427762157e-01 -1.232728916044157907e-01
8.953022673413953969e-01 -9.412086832796733027e-02
8.553386921538045362e-01 -5.849061765725041551e-02
8.109347197234629823e-01 -2.609948068384005879e-02
7.665307472928851729e-01 6.291656289914970140e-03
7.221267748623073635e-01 3.544367956601875841e-02
6.866035969179395959e-01 6.135658914481597476e-02
6.466400217305849907e-01 9.050861242091975956e-02
6.066764465429940190e-01 1.196606356973682200e-01
5.711532685986262514e-01 1.455735452761654503e-01
5.311896934110353907e-01 1.714864548549626666e-01
4.956665154666676232e-01 1.941602507364532937e-01
4.557029402793130179e-01 2.200731603152505378e-01
4.157393650917221017e-01 2.459860698940477541e-01
3.890969816335644316e-01 2.718989794728449705e-01
3.446930092029866222e-01 3.010510027489487483e-01
3.224910229878158452e-01 3.269639123277459647e-01
3.180506257445926410e-01 3.528768219065431810e-01
3.180506257445926410e-01 3.787897314856850661e-01
3.224910229878158452e-01 3.982244136695244907e-01
3.313718174737896316e-01 4.144199821564020225e-01
3.535738036891966640e-01 4.370937780378926218e-01
3.846565843903412274e-01 4.662458013139964552e-01
4.112989678487352085e-01 4.856804834981804930e-01
4.379413513071291342e-01 5.051151656823645864e-01
4.734645292514968462e-01 5.277889615638552412e-01
5.223088989250616043e-01 5.569409848399590190e-01
5.800340630846001488e-01 5.828538944187562354e-01
6.466400217305849907e-01 6.055276903002468902e-01
7.088055831331103729e-01 6.282014861817375451e-01
7.709711445358720106e-01 6.541143957605347614e-01
8.331367059386337592e-01 6.735490779447188547e-01
8.997426645843823456e-01 6.994619875235160711e-01
9.663486232301309320e-01 7.188966697077001644e-01
1.024073787389905732e+00 7.415704655891908192e-01
1.072918157063470268e+00 7.674833751679880356e-01
1.130643321223008924e+00 7.901571710494786904e-01
1.170606896410599784e+00 8.095918532336627838e-01
1.210570471597954390e+00 8.322656491151534386e-01
1.259414841271519148e+00 8.614176723912572164e-01
1.303818813702096957e+00 8.938088093646675558e-01
1.343782388889687818e+00 9.261999463384226194e-01
1.379305566834055696e+00 9.747866517987104906e-01
1.414828744778423353e+00 1.016895129864040515e+00
1.432590333750607181e+00 1.055764494232408701e+00
1.445911525479804283e+00 1.104351199692696461e+00
1.450351922722791009e+00 1.169133473639861975e+00
1.454792319965777958e+00 1.217720179100149736e+00
1.454792319965777958e+00 1.256589543468517922e+00
1.445911525479804283e+00 1.298698021533847946e+00
1.437030730993594130e+00 1.337567385902216133e+00
1.419269142021410302e+00 1.369958522875626583e+00
1.388186361320029372e+00 1.405588773546688097e+00
1.352663183375661715e+00 1.437979910520098548e+00
1.321580402674280785e+00 1.467131933796202325e+00
1.272736033000716027e+00 1.499523070769957389e+00
1.228332060570138218e+00 1.525435980348754494e+00
1.183928088139796664e+00 1.541631548835632026e+00
1.135083718466232128e+00 1.561066231019471395e+00
1.041835376362089560e+00 1.586979140598613336e+00
9.574678287441570346e-01 1.609652936479759378e+00
9.175042535565661739e-01 1.619370277572023564e+00
8.642194866400145781e-01 1.629087618663943360e+00
8.109347197234629823e-01 1.638804959756207769e+00
7.576499528066750200e-01 1.648522300848127342e+00
7.043651858901234242e-01 1.658239641940391751e+00
6.466400217305849907e-01 1.674435210426924669e+00
5.667128713556394137e-01 1.680913437821537793e+00
4.912261182236807300e-01 1.690630778913802201e+00
4.290605568209190368e-01 1.703587233703028447e+00
3.802161871473543342e-01 1.703587233703028447e+00
3.269314202308027384e-01 1.706826347400679733e+00
2.603254615850541520e-01 1.710065461097986184e+00
1.182327498073469096e-01 1.716543688492599307e+00
-6.098372998176446354e-03 1.713304574795292856e+00
-5.050234542851800290e-02 1.713304574795292856e+00
-9.046592061610890523e-02 1.713304574795292856e+00
-1.393102902896736217e-01 1.710065461097986184e+00
-2.369990296368030269e-01 1.706826347400679733e+00
-3.036049882825516133e-01 1.703587233703028447e+00
-3.835321386574971902e-01 1.700348120005721997e+00
-4.812208780046265955e-01 1.697109006308415324e+00
-5.078632614630205211e-01 1.697109006308415324e+00
-5.478268366503752373e-01 1.684152551519189078e+00
-5.833500145947428939e-01 1.674435210426924669e+00
-6.543963704837146844e-01 1.651761414545434015e+00
-7.165619318862400666e-01 1.635565846058901096e+00
-7.698466988030279179e-01 1.619370277572023564e+00
-8.320122602057896666e-01 1.596696481690532909e+00
-8.852970271223412624e-01 1.574022685809042477e+00
-9.297009995529190718e-01 1.551348889927551822e+00
-9.652241774972868393e-01 1.528675094046061167e+00
-1.022949341656825384e+00 1.499523070769957389e+00
-1.058472519601193040e+00 1.476849274888466734e+00
-1.089555300302573970e+00 1.454175479006976079e+00
-1.120638081003954678e+00 1.431501683125485425e+00
-1.151720861705335608e+00 1.405588773546688097e+00
-1.182803642406716538e+00 1.379675863967890992e+00
-1.205005628621887315e+00 1.357002068086400337e+00
-1.236088409323268023e+00 1.321371817415338601e+00
-1.258290395538675055e+00 1.288980680441928373e+00
-1.293813573483042934e+00 1.243633088678947063e+00
-1.320455956941436693e+00 1.208002838008230162e+00
-1.351538737642817622e+00 1.165894359942555303e+00
-1.382621518343962297e+00 1.117307654482267543e+00
-1.413704299045343005e+00 1.068720949021979560e+00
-1.427025490774540106e+00 1.029851584653611374e+00
-1.431465888017526833e+00 9.974604476802010344e-01
-1.444787079746723935e+00 9.423955148249554270e-01
-1.444787079746723935e+00 8.970479230619741173e-01
-1.449227476989947139e+00 8.549394449966440934e-01
-1.458108271475920814e+00 8.095918532336627838e-01
-1.466989065962130967e+00 7.674833751679880356e-01
-1.475869860448104642e+00 7.286140107996198489e-01
-1.484750654934314795e+00 6.897446464315963865e-01
-1.493631449420288693e+00 6.411579409713085154e-01
-1.502512243906498624e+00 5.828538944187562354e-01
-1.502512243906498624e+00 5.148325067742842709e-01
-1.511393038392472521e+00 4.403328917351992389e-01
-1.511393038392472521e+00 3.949852999722179292e-01
-1.520273832878682452e+00 3.431594808146234965e-01
-1.520273832878682452e+00 2.783772068674580935e-01
-1.524714230121669400e+00 2.103558192229861568e-01
-1.524714230121669400e+00 1.585300000653916963e-01
-1.529154627364656349e+00 1.034650672104907021e-01
-1.533595024607879553e+00 4.516102065793845682e-02
-1.533595024607879553e+00 -6.664798499655976739e-03
-1.533595024607879553e+00 -5.201239026263727860e-02
-1.533595024607879553e+00 -1.200337779071092292e-01
-1.538035421850866502e+00 -1.783378244593167850e-01
-1.538035421850866502e+00 -2.334027573142178069e-01
-1.538035421850866502e+00 -2.917068038667700591e-01
-1.538035421850866502e+00 -3.435326230243644918e-01
-1.538035421850866502e+00 -3.888802147873458015e-01
-1.538035421850866502e+00 -4.309886928530204941e-01
-1.533595024607879553e+00 -4.698580572210440121e-01
-1.533595024607879553e+00 -5.054883078921056372e-01
-1.529154627364656349e+00 -5.378794448655159766e-01
-1.529154627364656349e+00 -5.767488092338841632e-01
-1.520273832878682452e+00 -6.188572872995588003e-01
-1.520273832878682452e+00 -6.771613338517664671e-01
-1.515833435635695725e+00 -7.289871530093608998e-01
-1.511393038392472521e+00 -7.743347447723422095e-01
-1.511393038392472521e+00 -8.164432228380168466e-01
-1.502512243906498624e+00 -8.553125872063850332e-01
-1.502512243906498624e+00 -8.974210652717151682e-01
-1.484750654934314795e+00 -9.330513159427766823e-01
-1.471429463205117916e+00 -9.622033392188804601e-01
-1.449227476989947139e+00 -9.978335898899420853e-01
-1.431465888017526833e+00 -1.023746499468739302e+00
-1.409263901802356056e+00 -1.046420295350229956e+00
-1.387061915587185279e+00 -1.075572318626333734e+00
-1.360419532128791520e+00 -1.104724341902437512e+00
-1.338217545913620743e+00 -1.120919910389315044e+00
-1.320455956941436693e+00 -1.137115478875847963e+00
-1.298253970726029660e+00 -1.153311047362725494e+00
-1.271611587267872157e+00 -1.166267502152296354e+00
-1.249409601052465124e+00 -1.179223956941522600e+00
-1.227207614837294347e+00 -1.195419525428400132e+00
-1.200565231378900366e+00 -1.211615093915277663e+00
-1.182803642406716538e+00 -1.227810662401810582e+00
-1.156161258948322557e+00 -1.234288889796768318e+00
-1.138399669976138728e+00 -1.240767117191381441e+00
-1.116197683760967951e+00 -1.247245344585994564e+00
-1.085114903059587022e+00 -1.253723571980607687e+00
-1.045151327872232416e+00 -1.256962685678258973e+00
-1.005187752684641556e+00 -1.260201799375565423e+00
-9.563433830110767975e-01 -1.260201799375565423e+00
-9.030586160945250906e-01 -1.263440913072872096e+00
-8.408930546917634530e-01 -1.263440913072872096e+00
-7.876082877752118572e-01 -1.260201799375565423e+00
-7.387639181016470991e-01 -1.253723571980607687e+00
-7.032407401572793315e-01 -1.247245344585994564e+00
-6.543963704837146844e-01 -1.234288889796768318e+00
-6.144327952961237127e-01 -1.224571548704503909e+00
-5.700288228655460143e-01 -1.211615093915277663e+00
-5.300652476781912981e-01 -1.201897752823013255e+00
-4.812208780046265955e-01 -1.188941298033787008e+00
-4.323765083310618929e-01 -1.172745729546909477e+00
-4.057341248726679672e-01 -1.156550161060031945e+00
-3.879725359004840834e-01 -1.133876365178541290e+00
-3.702109469283001997e-01 -1.091767887113211266e+00
-3.657705496853133065e-01 -1.033463840560659097e+00
-3.657705496853133065e-01 -9.783989077057579919e-01
-3.657705496853133065e-01 -9.330513159427766823e-01
-3.746513441712870929e-01 -8.877037241797953726e-01
-3.746513441712870929e-01 -8.326387913248943784e-01
-3.835321386574971902e-01 -7.872911995619130687e-01
-3.835321386574971902e-01 -7.451827214962383206e-01
-3.835321386574971902e-01 -6.998351297332571219e-01
-3.835321386574971902e-01 -6.512484242729692507e-01
-3.790917414145102970e-01 -6.091399462072945026e-01
-3.746513441712870929e-01 -5.702705818392710402e-01
-3.746513441712870929e-01 -5.216838763786384447e-01
-3.746513441712870929e-01 -4.763362846160018038e-01
-3.657705496853133065e-01 -4.277495791557139326e-01
-3.657705496853133065e-01 -3.791628736950813927e-01
-3.613301524423264133e-01 -3.338152819324448073e-01
-3.524493579561163159e-01 -3.079023723533028667e-01
-3.435685634699062740e-01 -2.755112353798925273e-01
-3.302473717409455389e-01 -2.431200984064821879e-01
-3.169261800117486039e-01 -2.172071888276849716e-01
-2.991645910395647201e-01 -1.945333929461943168e-01
-2.769626048241576877e-01 -1.686204833673971004e-01
-2.458798241227768411e-01 -1.459466874859064456e-01
-2.147970434213960222e-01 -1.232728916044157907e-01
-1.881546599632383243e-01 -1.103164368148448482e-01
-1.348698930466867008e-01 -1.005990957229251498e-01
-8.602552337312199815e-02 -1.005990957229251498e-01
-4.162155094254418874e-02 -1.135555505121514097e-01
1.166321597400742614e-02 -1.297511189990289415e-01
3.386520218941445337e-02 -1.524249148805195686e-01
5.606718840458523034e-02 -1.880551655512364972e-01
8.270957186297916985e-02 -2.301636436169112454e-01
1.049115580781499468e-01 -2.884676901694634976e-01
1.315539415365438725e-01 -3.435326230243644918e-01
1.493155305087277562e-01 -3.953584421819589245e-01
1.803983112101086028e-01 -4.536624887345111490e-01
2.070406946682662730e-01 -5.054883078921056372e-01
2.248022836406864122e-01 -5.508358996550869469e-01
2.425638726128702682e-01 -6.091399462072945026e-01
2.736466533142510871e-01 -6.609657653648889353e-01
2.869678450432118222e-01 -7.063133571278702449e-01
3.047294340156319614e-01 -7.516609488908515546e-01
3.269314202308027384e-01 -8.002476543511394258e-01
3.358122147167765248e-01 -8.423561324168140629e-01
3.668949954181573991e-01 -8.909428378771019341e-01
3.935373788765513248e-01 -9.265730885481635593e-01
4.201797623349452504e-01 -9.686815666134935832e-01
4.423817485501160274e-01 -1.001072703587248647e+00
4.690241320085099530e-01 -1.030224726863352425e+00
4.956665154666676232e-01 -1.062615863836762875e+00
5.134281044388515625e-01 -1.088528773415559980e+00
5.400704878972454326e-01 -1.117680796692008371e+00
5.667128713556394137e-01 -1.153311047362725494e+00
6.022360493000071813e-01 -1.188941298033787008e+00
6.288784327581647959e-01 -1.208375980217626378e+00
6.644016107027688189e-01 -1.218093321309890786e+00
7.088055831331103729e-01 -1.221332435007197459e+00
7.532095555636881823e-01 -1.224571548704503909e+00
7.976135279942659917e-01 -1.224571548704503909e+00
8.553386921538045362e-01 -1.224571548704503909e+00
9.041830618273691833e-01 -1.227810662401810582e+00
9.574678287441570346e-01 -1.227810662401810582e+00
1.006312198417721904e+00 -1.227810662401810582e+00
1.046275773605076509e+00 -1.221332435007197459e+00
1.090679746035654318e+00 -1.218093321309890786e+00
1.126202923980021975e+00 -1.208375980217626378e+00
1.170606896410599784e+00 -1.192180411731093459e+00
1.215010868841177594e+00 -1.179223956941522600e+00
1.246093649542322268e+00 -1.159789274757338617e+00
1.281616827486926180e+00 -1.140354592573499026e+00
1.303818813702096957e+00 -1.111202569297050635e+00
1.321580402674280785e+00 -1.082050546020946857e+00
1.334901594403477887e+00 -1.056137636442149752e+00
1.343782388889687818e+00 -1.020507385771432851e+00
1.343782388889687818e+00 -9.881162487976776765e-01
1.343782388889687818e+00 -9.524859981269607756e-01
1.343782388889687818e+00 -9.071384063639794659e-01
1.339341991646464614e+00 -8.617908146009981563e-01
1.339341991646464614e+00 -8.164432228380168466e-01
1.334901594403477887e+00 -7.678565173777289754e-01
1.330461197160490938e+00 -7.257480393120543383e-01
1.326020799917267734e+00 -6.804004475490730286e-01
1.317140005431293837e+00 -6.318137420887851574e-01
1.290497621972900077e+00 -5.799879229311907247e-01
1.263855238514742352e+00 -5.184447626813318832e-01
1.241653252299335319e+00 -4.795753983133083653e-01
1.223891663327151491e+00 -4.471842613395533572e-01
1.188368485382783613e+00 -4.018366695765720475e-01
1.148404910195192752e+00 -3.662064189058551467e-01
1.121762526737035026e+00 -3.338152819324448073e-01
1.086239348792667370e+00 -2.981850312613831822e-01
1.041835376362089560e+00 -2.528374394984018725e-01
1.001871801174498700e+00 -2.107289614327271521e-01
9.485870342579469927e-01 -1.718595970647036619e-01
9.041830618273691833e-01 -1.329902326963355030e-01
8.597790893970276294e-01 -9.088175463066076876e-02
8.153751169664498200e-01 -5.201239026263727860e-02
7.754115417788589593e-01 -1.638213959157568123e-02
7.310075693485174053e-01 2.572633847409905306e-02
6.821631996749526472e-01 6.135658914481597476e-02
6.510804189735718284e-01 9.374772611822632107e-02
6.066764465429940190e-01 1.326170904865944800e-01
5.667128713556394137e-01 1.650082274600048471e-01
5.311896934110353907e-01 2.006384781310664445e-01
5.045473099528776650e-01 2.330296151044767838e-01
4.734645292514968462e-01 2.686598657755384090e-01
4.512625430363260692e-01 3.010510027489487483e-01
4.379413513071291342e-01 3.302030260250525262e-01
4.335009540639059855e-01 3.625941629988075343e-01
4.335009540639059855e-01 3.885070725776047507e-01
4.335009540639059855e-01 4.176590958537085840e-01
4.468221457931029206e-01 4.468111191298123619e-01
4.601433375222999111e-01 4.694849150113030167e-01
4.690241320085099530e-01 4.921587108927936716e-01
5.089877071958646138e-01 5.245498478665486797e-01
5.356300906542585949e-01 5.504627574453458960e-01
5.622724741124162096e-01 5.731365533268365509e-01
6.022360493000071813e-01 5.925712355110206442e-01
6.466400217305849907e-01 6.152450313925112990e-01
7.043651858901234242e-01 6.346797135763506681e-01
7.709711445358720106e-01 6.573535094578413229e-01
8.242559114526598618e-01 6.767881916420254163e-01
8.775406783692115686e-01 7.059402149181291941e-01
9.441466370149601550e-01 7.448095792864973808e-01
9.885506094455379644e-01 7.739616025626011586e-01
1.037394979119102612e+00 8.128309669309693453e-01
1.090679746035654318e+00 8.484612176016862461e-01
1.135083718466232128e+00 8.808523545754413098e-01
1.179487690896573682e+00 9.067652641542385261e-01
1.215010868841177594e+00 9.326781737330357425e-01
1.241653252299335319e+00 9.585910833118329588e-01
1.263855238514742352e+00 9.845039928906301752e-01
1.281616827486926180e+00 1.007177788772120719e+00
1.299378416459110008e+00 1.033090698350918046e+00
1.308259210945083906e+00 1.062242721627021824e+00
1.317140005431293837e+00 1.101112085995390011e+00
1.330461197160490938e+00 1.136742336666451525e+00
1.330461197160490938e+00 1.169133473639861975e+00
1.334901594403477887e+00 1.204763724310578876e+00
1.334901594403477887e+00 1.240393974981640390e+00
1.339341991646464614e+00 1.279263339350008577e+00
1.334901594403477887e+00 1.314893590020725478e+00
1.326020799917267734e+00 1.353762954389093665e+00
1.312699608188307110e+00 1.386154091362504115e+00
1.294938019215886804e+00 1.412067000941301220e+00
1.263855238514742352e+00 1.447697251612362734e+00
1.237212855056348371e+00 1.476849274888466734e+00
1.197249279868757510e+00 1.506001298164570512e+00
1.152845307438415956e+00 1.528675094046061167e+00
1.104000937764851198e+00 1.548109776230245149e+00
1.024073787389905732e+00 1.577261799506348927e+00
9.619082259871439833e-01 1.596696481690532909e+00
8.731002811262246199e-01 1.619370277572023564e+00
8.109347197234629823e-01 1.632326732361250032e+00
7.576499528066750200e-01 1.642044073453514219e+00
6.777228024317295541e-01 1.642044073453514219e+00
5.977956520570202326e-01 1.648522300848127342e+00
4.557029402793130179e-01 1.655000528242740687e+00
2.603254615850541520e-01 1.661478755637698423e+00
1.493155305087277562e-01 1.661478755637698423e+00
1.049115580781499468e-01 1.661478755637698423e+00
3.386520218941445337e-02 1.658239641940391751e+00
-8.158512612989883561e-02 1.655000528242740687e+00
-2.014758516924352871e-01 1.651761414545434015e+00
-2.947241937963415714e-01 1.645283187150820892e+00
-3.657705496853133065e-01 1.642044073453514219e+00
-4.279361110880749997e-01 1.629087618663943360e+00
-4.723400835184165536e-01 1.619370277572023564e+00
-5.345056449211782468e-01 1.606413822782452705e+00
-5.655884256225590656e-01 1.596696481690532909e+00
-6.499559732404914802e-01 1.574022685809042477e+00
-7.165619318862400666e-01 1.554588003624858272e+00
-7.920486850181986949e-01 1.531914207743367617e+00
-8.808566298793543137e-01 1.499523070769957389e+00
-9.297009995529190718e-01 1.476849274888466734e+00
-9.874261637124576163e-01 1.450936365309669407e+00
-1.036270533386022263e+00 1.421784342033565629e+00
-1.085114903059587022e+00 1.389393205059810565e+00
-1.116197683760967951e+00 1.353762954389093665e+00
-1.165042053434532487e+00 1.314893590020725478e+00
-1.191684436892926469e+00 1.282502453047315250e+00
-1.240528806566491227e+00 1.243633088678947063e+00
-1.267171190024648952e+00 1.211241951705536612e+00
-1.302694367969252864e+00 1.175611701034475098e+00
-1.320455956941436693e+00 1.146459677758371321e+00
-1.333777148670397539e+00 1.120546768179573993e+00
-1.342657943156607470e+00 1.097872972298083338e+00
-1.364859929371778247e+00 1.055764494232408701e+00
-1.382621518343962297e+00 1.013656016166733842e+00
-1.395942710073159176e+00 9.715475381014038181e-01
-1.400383107316382381e+00 9.359172874303423040e-01
-1.418144696288566209e+00 8.938088093646675558e-01
-1.435906285260750037e+00 8.322656491151534386e-01
-1.453667874232933865e+00 7.674833751679880356e-01
-1.466989065962130967e+00 7.124184423130870414e-01
-1.480310257691091591e+00 6.573535094578413229e-01
-1.484750654934314795e+00 6.055276903002468902e-01
-1.489191052177301744e+00 5.407454163530814872e-01
-1.489191052177301744e+00 4.824413698008739315e-01
-1.498071846663511675e+00 3.885070725776047507e-01
-1.498071846663511675e+00 2.848554342624158853e-01
-1.498071846663511675e+00 1.973993644337598830e-01
-1.502512243906498624e+00 8.403038502630662265e-02
-1.502512243906498624e+00 1.276988368452810531e-02
-1.502512243906498624e+00 -6.172973135455697702e-02
-1.498071846663511675e+00 -1.297511189990289415e-01
-1.498071846663511675e+00 -2.204463025249915331e-01
-1.502512243906498624e+00 -3.046632586559963052e-01
-1.502512243906498624e+00 -3.888802147873458015e-01
-1.498071846663511675e+00 -4.860536257079215439e-01
-1.498071846663511675e+00 -5.573141270497000699e-01
-1.493631449420288693e+00 -6.156181736019076256e-01
-1.484750654934314795e+00 -6.642048790625401100e-01
-1.475869860448104642e+00 -7.095524708251768065e-01
-1.466989065962130967e+00 -7.516609488908515546e-01
-1.462548668718907763e+00 -8.132041091407102851e-01
-1.449227476989947139e+00 -8.682690419956112793e-01
-1.440346682503736986e+00 -9.136166337585925890e-01
-1.435906285260750037e+00 -9.589642255215738986e-01
-1.427025490774540106e+00 -1.007550930981861770e+00
-1.422585093531553158e+00 -1.052898522744843079e+00
-1.418144696288566209e+00 -1.098246114507824389e+00
-1.400383107316382381e+00 -1.127398137783928167e+00
-1.382621518343962297e+00 -1.156550161060031945e+00
-1.351538737642817622e+00 -1.182463070638829272e+00
-1.316015559698213711e+00 -1.205136866520319927e+00
-1.284932778996832781e+00 -1.224571548704503909e+00
-1.240528806566491227e+00 -1.240767117191381441e+00
-1.187244039649703264e+00 -1.260201799375565423e+00
-1.160601656191545761e+00 -1.269919140467485219e+00
-1.120638081003954678e+00 -1.279636481559405015e+00
-1.080674505816600073e+00 -1.282875595257056078e+00
-1.036270533386022263e+00 -1.286114708954362751e+00
-9.741049719832606257e-01 -1.286114708954362751e+00
-9.252606023096958676e-01 -1.286114708954362751e+00
-8.675354381501574341e-01 -1.286114708954362751e+00
-8.275718629625664624e-01 -1.286114708954362751e+00
-7.742870960460148666e-01 -1.279636481559405015e+00
-7.210023291294632708e-01 -1.273158254164791892e+00
-6.721579594558985127e-01 -1.263440913072872096e+00
-6.321943842683076520e-01 -1.247245344585994564e+00
-5.966712063239398844e-01 -1.227810662401810582e+00
-5.700288228655460143e-01 -1.214854207612584114e+00
-5.345056449211782468e-01 -1.198658639125706804e+00
-5.123036587060074698e-01 -1.182463070638829272e+00
-4.856612752476134887e-01 -1.163028388454989681e+00
-4.634592890324427117e-01 -1.143593706270805699e+00
-4.456977000602588279e-01 -1.120919910389315044e+00
-4.323765083310618929e-01 -1.091767887113211266e+00
-4.323765083310618929e-01 -1.062615863836762875e+00
-4.279361110880749997e-01 -1.017268272073781565e+00
-4.279361110880749997e-01 -9.751597940084514304e-01
-4.279361110880749997e-01 -9.362904296400832438e-01
-4.279361110880749997e-01 -8.974210652717151682e-01
-4.279361110880749997e-01 -8.520734735087338585e-01
-4.279361110880749997e-01 -8.034867680484459873e-01
-4.190553166018649023e-01 -7.549000625881581161e-01
-4.146149193588780091e-01 -7.225089256147477768e-01
-4.101745221158911159e-01 -6.836395612463795901e-01
-4.057341248726679672e-01 -6.512484242729692507e-01
-4.057341248726679672e-01 -6.188572872995588003e-01
-4.012937276296810740e-01 -5.735096955365776017e-01
-4.012937276296810740e-01 -5.281621037735962920e-01
-3.968533303866941253e-01 -4.828145120106149268e-01
-3.924129331434709766e-01 -4.536624887345111490e-01
-3.879725359004840834e-01 -4.277495791557139326e-01
-3.835321386574971902e-01 -3.985975558792654860e-01
-3.835321386574971902e-01 -3.726846463004682697e-01
-3.790917414145102970e-01 -3.467717367216710533e-01
-3.790917414145102970e-01 -3.208588271428738370e-01
-3.702109469283001997e-01 -2.884676901694634976e-01
-3.657705496853133065e-01 -2.593156668930149955e-01
-3.613301524423264133e-01 -2.334027573142178069e-01
-3.524493579561163159e-01 -2.139680751303783823e-01
-3.524493579561163159e-01 -1.912942792488877553e-01
-3.391281662269193808e-01 -1.653813696697458424e-01
-3.258069744977223903e-01 -1.362293463936420645e-01
-3.124857827687617107e-01 -1.103164368148448482e-01
-2.902837965533546782e-01 -9.088175463066076876e-02
-2.636414130951969526e-01 -7.792529984143449495e-02
-2.281182351505929851e-01 -6.496884505186355241e-02
-1.925950572062252453e-01 -5.525150395994384706e-02
-1.570718792618574777e-01 -5.525150395994384706e-02
-1.171083040742665893e-01 -6.172973135455697702e-02
-7.270433164392503533e-02 -7.468618614412793344e-02
-2.385996197036031885e-02 -8.764264093335419337e-02
1.166321597400742614e-02 -1.167946642094579851e-01
3.830559943240136045e-02 -1.427075737882551876e-01
5.162679116159833020e-02 -1.815769381566233742e-01
6.050758564757213742e-02 -2.301636436169112454e-01
7.826917461999226278e-02 -2.755112353798925273e-01
8.714996910596607693e-02 -3.143805997482607140e-01
1.093519553211368539e-01 -3.500108504189776149e-01
1.271135442935569793e-01 -3.953584421819589245e-01
1.448751332657408353e-01 -4.439451476422467957e-01
1.759579139671216819e-01 -4.860536257079215439e-01
1.981599001822924588e-01 -5.119665352867187602e-01
2.203618863974632358e-01 -5.670314681416197544e-01
2.470042698558571892e-01 -5.961834914180682565e-01
2.603254615850541520e-01 -6.156181736019076256e-01
2.780870505572380358e-01 -6.350528557860917189e-01
2.914082422864349708e-01 -6.544875379702758122e-01
2.958486395294218640e-01 -6.739222201544599056e-01
