-2.212695982802108663e-01 -1.458693979998716868e-02
-2.183365016768544498e-01 -1.504109444566548506e-02
-2.154541756127015817e-01 -1.543904311319461639e-02
-2.126230019685445005e-01 -1.578568707304192978e-02
-2.098431374103351399e-01 -1.608556200418348806e-02
-2.071145485873473746e-01 -1.634285496350951564e-02
-2.044370429185080607e-01 -1.656142306707485828e-02
-2.018102953387282128e-01 -1.674481310354023617e-02
-1.992338714000011779e-01 -1.689628149232696303e-02
-1.967072471217949092e-01 -1.701881413024291037e-02
-1.942298259703968688e-01 -1.711514579350874657e-02
-1.918009533226263941e-01 -1.718777885480188977e-02
-1.894199287398848630e-01 -1.723900115362090105e-02
-1.870860163469068860e-01 -1.727090291611044562e-02
-1.847984535777638659e-01 -1.728539266715040101e-02
-1.825564585210105728e-01 -1.728421211218666986e-02
-1.803592360671133765e-01 -1.726894999294513455e-02
-1.782059830350399277e-01 -1.724105493836857600e-02
-1.760958924310499774e-01 -1.720184734736627738e-02
-1.740281569716175536e-01 -1.715253034742719729e-02
-1.720019719837178607e-01 -1.709419987920716283e-02
-1.700049277344256871e-01 -1.720289333083887054e-02
-1.680305996714049066e-01 -1.752231264717916265e-02
-1.660798860148683109e-01 -1.796357926750710710e-02
-1.641508240604573898e-01 -1.849151863634082571e-02
-1.622410096271990898e-01 -1.908532738579595336e-02
-1.603480213403608856e-01 -1.973076936307769161e-02
-1.584695480702680848e-01 -2.041731009282416257e-02
-1.566034319739209590e-01 -2.113676177094642519e-02
-1.547476807337756222e-01 -2.188254145400267761e-02
-1.529004670824624657e-01 -2.264922373946328185e-02
-1.510601228212292979e-01 -2.343225183624425556e-02
-1.492251305099334679e-01 -2.422774113069285987e-02
-1.473941143223994887e-01 -2.503234023648136589e-02
-1.455658307914739491e-01 -2.584312956349954157e-02
-1.437391597975249957e-01 -2.665754535512348741e-02
-1.419130959629651412e-01 -2.747332159503290683e-02
-1.400867405245002639e-01 -2.828844478408046662e-02
-1.382592937007921796e-01 -2.910111821598374351e-02
-1.364300475485810682e-01 -2.990973340680854603e-02
-1.345983792989154104e-01 -3.071284698892098874e-02
-1.327637451242472122e-01 -3.150916192219494621e-02
-1.309256743646020626e-01 -3.229751202028096485e-02
-1.290837641071196640e-01 -3.307684930467980761e-02
-1.272376741936303013e-01 -3.384623349323394315e-02
-1.253871225612200602e-01 -3.460482340286554631e-02
-1.235318809332005136e-01 -3.535186991417116342e-02
-1.216717708362967387e-01 -3.608671030578042282e-02
-1.198066599212771616e-01 -3.680876381765699895e-02
-1.179364586143551857e-01 -3.751752828481802471e-02
-1.160611170252609931e-01 -3.821257786575796983e-02
-1.141806221618886508e-01 -3.889356175536076016e-02
-1.122949954246654225e-01 -3.956020391952458359e-02
-1.104042903896749472e-01 -4.021230387748450652e-02
-1.085085908154032053e-01 -4.084973867383784318e-02
-1.066080091238677113e-01 -4.147246590632257951e-02
-1.047026850472019821e-01 -4.208052831196146260e-02
-1.027927845282047836e-01 -4.267406002389849407e-02
-1.008784996083782054e-01 -4.325329418607586768e-02
-9.900695554234528739e-02 -4.378142039368328187e-02
-9.718555725759281394e-02 -4.425761938693385106e-02
-9.541208056049996222e-02 -4.468832928975762647e-02
-9.368422568529323480e-02 -4.507922070263725711e-02
-9.199966531478695475e-02 -4.543531251925313208e-02
-9.035607619590299566e-02 -4.576107176796431059e-02
-8.875115938551887684e-02 -4.606049950515998109e-02
-8.718265221732514336e-02 -4.633720516485409502e-02
-8.564833411747878322e-02 -4.659447157310347976e-02
-8.414602830256837085e-02 -4.683531226259532443e-02
-8.267360014010065317e-02 -4.706252305528853958e-02
-8.122895329080995208e-02 -4.727872930319266392e-02
-7.981002424528309269e-02 -4.748643027919691867e-02
-7.841477579654146379e-02 -4.768804213613906523e-02
-7.704118993810678273e-02 -4.788594088124308035e-02
-7.568726070645505344e-02 -4.808250691186988224e-02
-7.435098761222969088e-02 -4.828017283721874886e-02
-7.303037056099834223e-02 -4.848147657830950696e-02
-7.172340761124362807e-02 -4.868912210210431246e-02
-7.042809765289352597e-02 -4.890605060004490912e-02
-6.914245126977837386e-02 -4.913552543078541363e-02
-6.786451491403953928e-02 -4.938123460375011542e-02
-6.659241642643275172e-02 -4.964741472007099671e-02
-6.532444437286161198e-02 -4.993899952521890090e-02
-6.405918020507869737e-02 -5.026179334407173543e-02
-6.279571126060934372e-02 -5.062266226900601074e-02
-6.153396335750522389e-02 -5.102971967881626825e-02
-6.027520003761156070e-02 -5.149245039240372274e-02
-5.902272872161325179e-02 -5.202166069793161263e-02
-5.778280298292638034e-02 -5.262905688879013222e-02
-5.656556497264531719e-02 -5.332617095078703157e-02
-5.538559157549410167e-02 -5.412237605386307354e-02
-5.426127922068833126e-02 -5.502207730807422148e-02
-5.321232468887561462e-02 -5.602195920945556018e-02
-5.225549690987651985e-02 -5.710996386098936978e-02
-5.140049178915852973e-02 -5.826727971926322358e-02
-5.064819824399265091e-02 -5.947265000649706868e-02
-4.999206436505539142e-02 -6.070664621571516401e-02
-4.942115283751655208e-02 -6.195406201573828292e-02
-4.892305895419235551e-02 -6.320430007343198764e-02
-4.848581020489963617e-02 -6.445062554101071983e-02
-4.809876813159420783e-02 -6.568911630858501050e-02
-4.775288275624243323e-02 -6.691773457804649217e-02
-4.744062025921835790e-02 -6.813563826321336614e-02
-4.715576363885802536e-02 -6.934271317966930748e-02
-4.689318769676576598e-02 -7.053927015037093906e-02
-4.664865153664757291e-02 -7.172585439523246342e-02
-4.641862256133297282e-02 -7.290312790181541214e-02
-4.620013302518732184e-02 -7.407179809544719995e-02
-4.599066532943588137e-02 -7.523257549950321255e-02
-4.578806101016737184e-02 -7.638614940250169905e-02
-4.559044860089361828e-02 -7.753317463314181313e-02
-4.539618626933113882e-02 -7.867426512664345284e-02
-4.520381591629220319e-02 -7.980999158351648193e-02
-4.501202612845502798e-02 -8.094088153263229168e-02
-4.481962195438664309e-02 -8.206742074191947234e-02
-4.462549992745400151e-02 -8.319005531495991812e-02
-4.442862710815152771e-02 -8.430919405854425674e-02
-4.422802318231172647e-02 -8.542521085972161476e-02
-4.402274484896177842e-02 -8.653844690497647374e-02
-4.381187187707492187e-02 -8.764921262982994232e-02
-4.359449431555073584e-02 -8.875778931729422228e-02
-4.336970041384510116e-02 -8.986443027596741073e-02
-4.313656485771667076e-02 -9.096936152744615478e-02
-4.289413694949038153e-02 -9.207278192006228268e-02
-4.264142836732901648e-02 -9.317486256197507477e-02
-4.237740012404400680e-02 -9.427574542971728366e-02
-4.210094831245889124e-02 -9.537554095501617202e-02
-4.181088816945150582e-02 -9.647432431740143866e-02
-4.150593591140087912e-02 -9.757213006425961843e-02
-4.118468768546823533e-02 -9.866894452980334851e-02
-4.084559483825012105e-02 -9.976469531027835902e-02
-4.048693451955635153e-02 -1.008592367435916931e-01
-4.010677440856100229e-02 -1.019523298909122688e-01
-3.970293007049452427e-02 -1.030436148533310087e-01
-3.927291313382757360e-02 -1.041325722663391240e-01
-3.881386815756578818e-02 -1.052184693241335345e-01
-3.832249583576234631e-02 -1.063002834214452075e-01
-3.779496029874490626e-02 -1.073765930410370412e-01
-3.722677924999943933e-02 -1.084454202215467955e-01
-3.661269868086255985e-02 -1.095040009007734461e-01
-3.594656139302251918e-02 -1.105484475118410220e-01
-3.522119564766043598e-02 -1.115732515765358590e-01
-3.442838719672559888e-02 -1.125705541702989726e-01
-3.355907374834872503e-02 -1.135290992116362724e-01
-3.260404482770334900e-02 -1.144328149458407190e-01
-3.155566308765979378e-02 -1.152591448028894572e-01
-3.041135940260426135e-02 -1.159777915195421422e-01
-2.917940664889784319e-02 -1.165517082273523908e-01
-2.788552475725711299e-02 -1.169434921377114078e-01
-2.657458789350724757e-02 -1.171288152952891792e-01
-2.530026719819087472e-02 -1.171103715823713920e-01
-2.410603333304335225e-02 -1.169188143004137315e-01
-2.301327142626479610e-02 -1.165982036360026369e-01
-2.202380089851590020e-02 -1.161899812493765866e-01
-2.112879406264173837e-02 -1.157257363798794431e-01
-2.031591716220528671e-02 -1.152271474483952535e-01
-1.957297560173709011e-02 -1.147084149775593753e-01
-1.888925671387615621e-02 -1.141786909957789864e-01
-1.825579147682693942e-02 -1.136438587155942370e-01
-1.766520906308902128e-02 -1.131077067262972052e-01
-1.711148053875448383e-02 -1.125726761119461988e-01
-1.658966416479572270e-02 -1.120403324082213520e-01
-1.609568721206942887e-02 -1.115116655116598632e-01
-1.562616958875934908e-02 -1.109872825101227561e-01
-1.517828468967671873e-02 -1.104675334043617868e-01
-1.474965057905777352e-02 -1.099525942530388684e-01
-1.433824498145895403e-02 -1.094425229141929579e-01
-1.394233866282986942e-02 -1.089372968833050848e-01
-1.356044294336380615e-02 -1.084368392633980188e-01
-1.319126807349810943e-02 -1.079410367575425467e-01
-1.283368999113129044e-02 -1.074497522298843155e-01
-1.248672357974394721e-02 -1.069628335249136197e-01
-1.214950100088027160e-02 -1.064801196816268364e-01
-1.182125401433755871e-02 -1.060014453167909126e-01
-1.150129945390928124e-02 -1.055266437108180327e-01
-1.118902721752053873e-02 -1.050555489678614424e-01
-1.088389027449350108e-02 -1.045879975114675370e-01
-1.058539630174812167e-02 -1.041238291012611256e-01
-1.029310064384961025e-02 -1.036628875033196173e-01
-1.000660035550805967e-02 -1.032050209097626625e-01
-9.725529134408687423e-03 -1.027500821768673606e-01
-9.449552990385103740e-03 -1.022979289321441360e-01
-9.178366526870974235e-03 -1.018484235873291927e-01
-8.911689734061188986e-03 -1.014014332844426075e-01
-8.649265211777229165e-03 -1.009568297948628818e-01
-8.390855754850169365e-03 -1.005144893861469046e-01
-8.136242245701258077e-03 -1.000742926674750566e-01
-7.885221808273022714e-03 -9.963612442166165650e-02
-7.637606185245812522e-03 -9.919987342962660604e-02
-7.393220306686777363e-03 -9.876543229156707626e-02
-7.151901023438501578e-03 -9.833269724792396971e-02
-6.913495982731564064e-03 -9.790156800232344136e-02
-6.677862626992489732e-03 -9.747194754803033268e-02
-6.444867299665890149e-03 -9.704374199892852604e-02
-6.214384444276698644e-03 -9.661686042570348520e-02
-5.986295884921556155e-03 -9.619121469758312726e-02
-5.760490178068899958e-03 -9.576671932982960822e-02
-5.536862026937408934e-03 -9.534329133700268633e-02
-5.315311750882979573e-03 -9.492085009187793687e-02
-5.095744803264821120e-03 -9.449931718988530127e-02
-4.878071332071758429e-03 -9.407861631882237508e-02
-4.662205778324371962e-03 -9.365867313358162971e-02
-4.448066507863751573e-03 -9.323941513557028327e-02
-4.235575472710111609e-03 -9.282077155656892620e-02
-4.024657898549098035e-03 -9.240267324664173942e-02
-3.815241995354484630e-03 -9.198505256581938905e-02
-3.607258688439476772e-03 -9.156784327919409439e-02
-3.400641367539974837e-03 -9.115098045512798342e-02
-3.195325651743033835e-03 -9.073440036621008287e-02
-2.991249168316572563e-03 -9.031804039268016837e-02
-2.788351343639352761e-03 -8.990183892796958787e-02
-2.586573204582723589e-03 -8.948573528603681604e-02
-2.385857188850297721e-03 -8.906966961021398066e-02
-2.186146962832635592e-03 -8.865358278320800700e-02
-1.987387245659305145e-03 -8.823741633796412798e-02
-1.789523638171177039e-03 -8.782111236905758289e-02
-1.592502455605485610e-03 -8.740461344432279289e-02
-1.396270562779093095e-03 -8.698786251634364752e-02
-1.200775210625487817e-03 -8.657080283353123240e-02
-1.005963872878666825e-03 -8.615337785038819363e-02
-8.117840817469432722e-04 -8.573553113666522452e-02
-6.181832613264966973e-04 -8.531720628499733783e-02
-4.251085575000420583e-04 -8.489834681666745542e-02
-2.325066629856949890e-04 -8.447889608511323367e-02
-4.032363608900518511e-05 -8.405879717671586870e-02
1.514952883529161419e-04 -8.363799280848920048e-02
3.430058975280964539e-04 -8.321642522216446403e-02
5.342652105346272972e-04 -8.279403607420371403e-02
7.253317016327891524e-04 -8.237076632121521913e-02
9.162655391399654025e-04 -8.194655610021833736e-02
1.107128842513874613e-03 -8.152134460318793963e-02
1.297985960529553879e-03 -8.109506994523221768e-02
1.488903773828767745e-03 -8.066766902576844034e-02
1.679952025607107761e-03 -8.023907738200310169e-02
1.871203684774897045e-03 -7.980922903396887869e-02
2.062735346576019188e-03 -7.937805632040301207e-02
2.254627676492499105e-03 -7.894548972464184022e-02
2.446965904177552005e-03 -7.851145768979486683e-02
2.639840375366961540e-03 -7.807588642237982268e-02
2.833347171063473231e-03 -7.763869968373580954e-02
3.027588805027186299e-03 -7.719981856852238533e-02
3.222675012615282449e-03 -7.675916126983614585e-02
3.418723646540363596e-03 -7.631664283066462440e-02
3.615861698175597359e-03 -7.587217488177243341e-02
3.814226466803417957e-03 -7.542566536664921384e-02
4.013966903869541601e-03 -7.497701825494659800e-02
4.215245165105739253e-03 -7.452613324694942754e-02
4.418238410611233062e-03 -7.407290547330287744e-02
4.623140902092249399e-03 -7.361722519652899588e-02
4.830166457919302624e-03 -7.315897752427635847e-02
5.039551341254004842e-03 -7.269804214904572459e-02
5.251557675104292361e-03 -7.223429313608716040e-02
5.466477502121231714e-03 -7.176759879106787976e-02
5.684637637845950733e-03 -7.129782165359302426e-02
5.906405506350251647e-03 -7.082481868356521604e-02
6.132196199799450770e-03 -7.034844173805486489e-02
6.362481072584059115e-03 -6.986853848161918290e-02
6.597798271945651098e-03 -6.938495394041781228e-02
6.838765728009826156e-03 -6.889753301167191035e-02
7.086097286611854444e-03 -6.840612439388200905e-02
7.340622880996859438e-03 -6.791058663929738781e-02
7.603313918124019952e-03 -6.741079739731212217e-02
7.875315417264366208e-03 -6.690666749484018572e-02
8.157986890888299647e-03 -6.639816241980556200e-02
8.452954483184109413e-03 -6.588533525663126111e-02
8.762177388832486508e-03 -6.536837753757411551e-02
9.088031784275800440e-03 -6.484769843408808021e-02
9.433414674009949624e-03 -6.432404920793088898e-02
9.801866345005506159e-03 -6.379872035640421490e-02
1.019769916273129996e-02 -6.327385521175399319e-02
1.062609232282510537e-02 -6.275294642227487174e-02
1.109304617871623329e-02 -6.224160350603652470e-02
1.160495017380586656e-02 -6.174866427826553039e-02
1.216727677944036239e-02 -6.128755140417251057e-02
1.278169576788129244e-02 -6.087717518982013049e-02
1.344141686700621625e-02 -6.054043156342557575e-02
1.412721904164082609e-02 -6.029763652043541172e-02
1.481016690568717244e-02 -6.015618070279014906e-02
1.546292366802448984e-02 -6.010567144897913106e-02
1.606979424918986155e-02 -6.012475760481228448e-02
1.662711043072569866e-02 -6.019164809468293548e-02
1.713810007129826576e-02 -6.028947352975966290e-02
1.760843948168944531e-02 -6.040671013981066539e-02
1.804399132646993323e-02 -6.053586549290412844e-02
1.844997460692162153e-02 -6.067213086956323165e-02
1.883078352593042792e-02 -6.081241143234000085e-02
1.919004363662477411e-02 -6.095469958013399053e-02
1.953073276461329139e-02 -6.109768307091956868e-02
1.985530371358308968e-02 -6.124050062380126391e-02
2.016578966939380074e-02 -6.138258796115880767e-02
2.046388932025711149e-02 -6.152357933749852403e-02
2.075103391285959900e-02 -6.166324348970437380e-02
2.102843963428484286e-02 -6.180144127511151553e-02
2.129714851613787388e-02 -6.193809720933442231e-02
2.155806049827483847e-02 -6.207318006617636857e-02
2.181195871441706652e-02 -6.220668948352602728e-02
2.205952957510286250e-02 -6.233864661165251786e-02
2.230137884052230818e-02 -6.246908752132766807e-02
2.253804458437454195e-02 -6.259805852087306499e-02
2.277000773129636904e-02 -6.272561280928638794e-02
2.299770068722356217e-02 -6.285180807452350749e-02
2.322151446024801544e-02 -6.297670476678586537e-02
2.344180457830760678e-02 -6.310036485794126571e-02
2.365889604142948702e-02 -6.322285095362974172e-02
2.387308749432013807e-02 -6.334422566284660105e-02
2.408465476552685072e-02 -6.346455115646082445e-02
2.429385388912502775e-02 -6.358388886495597303e-02
2.450092370147613496e-02 -6.370229927904137723e-02
2.470608808745816676e-02 -6.381984182640952630e-02
2.490955793641072211e-02 -6.393657480486580891e-02
2.511153285687336631e-02 -6.405255535712878201e-02
2.531220269042453244e-02 -6.416783947632258289e-02
2.551174885791834823e-02 -6.428248203393645277e-02
2.571034556589503126e-02 -6.439653682406980273e-02
2.590816089644153164e-02 -6.451005661929273827e-02
2.610535780023294505e-02 -6.462309323458950705e-02
2.630209500964717992e-02 -6.473569759672066770e-02
2.649852788652017760e-02 -6.484791981695511853e-02
2.669480921729691994e-02 -6.495980926560533664e-02
2.689108996687877839e-02 -6.507141464714222279e-02
2.708752000137179192e-02 -6.518278407493692528e-02
2.728424878902531436e-02 -6.529396514481322633e-02
2.748142608809983276e-02 -6.540500500674804873e-02
2.767920262994591485e-02 -6.551595043408739438e-02
2.787773080537554390e-02 -6.562684788966718918e-02
2.807716536237806620e-02 -6.573774358820010100e-02
2.827766412336555138e-02 -6.584868355420961383e-02
2.847938873045051389e-02 -6.595971367466894886e-02
2.868250542780127407e-02 -6.607087974535115482e-02
2.888718589080892241e-02 -6.618222750965191414e-02
2.909360811275562772e-02 -6.629380268835251278e-02
2.930195736090358827e-02 -6.640565099843273589e-02
2.951242721539580963e-02 -6.651781815853009816e-02
2.972522070628740368e-02 -6.663034987806264187e-02
2.994055156625985079e-02 -6.674329182622877610e-02
3.015864561944314043e-02 -6.685668957612568575e-02
3.037974233017643952e-02 -6.697058851795169299e-02
3.060409653979190639e-02 -6.708503373365409805e-02
3.083198042466747668e-02 -6.720006982327741962e-02
3.106368571519115690e-02 -6.731574067058929134e-02
3.129952622317188488e-02 -6.743208913203961596e-02
3.153984073502246605e-02 -6.754915662851529445e-02
3.178499634024266329e-02 -6.766698261330240938e-02
3.203539228007018513e-02 -6.778560388164724115e-02
3.229146442042657439e-02 -6.790505367658603020e-02
3.255369047778219893e-02 -6.802536053130298077e-02
3.282259615776229877e-02 -6.814654676870647576e-02
3.309876240638192496e-02 -6.826862655214221975e-02
3.338283402558441665e-02 -6.839160334416313769e-02
3.367552997215898097e-02 -6.851546657867325918e-02
3.397765574736862082e-02 -6.864018727894147243e-02
3.429011840112855536e-02 -6.876571225013994315e-02
3.461394482926290900e-02 -6.889195632503794520e-02
3.495030424910681305e-02 -6.901879192195115031e-02
3.530053601653735523e-02 -6.914603484817656576e-02
3.566618432210746231e-02 -6.927342479101593342e-02
3.604904180979539435e-02 -6.940059818622455745e-02
3.645120484191281124e-02 -6.952704998110367796e-02
3.687514403669003155e-02 -6.965207894763390806e-02
3.732379486792587048e-02 -6.977470818647160677e-02
3.780067451322392108e-02 -6.989356748161452970e-02
3.831003253403995196e-02 -7.000671576445190170e-02
3.885704352715061566e-02 -7.011136749497812182e-02
3.944804709222049510e-02 -7.020346149469230967e-02
4.009082726357123677e-02 -7.027696617424109005e-02
4.079488063185082031e-02 -7.032273717923399892e-02
4.157149757265136275e-02 -7.032661481942335813e-02
4.243313800638550543e-02 -7.026627640253914342e-02
4.339070163027671651e-02 -7.010632411265950437e-02
4.444537457999188368e-02 -6.979214955133168641e-02
4.556960882411679320e-02 -6.924853336997498221e-02
4.667936339811441793e-02 -6.840261073571116124e-02
4.763840895024187838e-02 -6.724817405846100771e-02
4.834374088097533051e-02 -6.588328573306839742e-02
4.879237368389174184e-02 -6.443550397993361156e-02
4.903754854296912130e-02 -6.298608780120061590e-02
4.913421555637515620e-02 -6.157071706624300117e-02
4.912332325661629417e-02 -6.020159447868951574e-02
4.903317487783839107e-02 -5.888107833040403388e-02
4.888329234824989600e-02 -5.760773694062536199e-02
4.868741522166306762e-02 -5.637883362741036991e-02
4.845546399609357291e-02 -5.519132807183799866e-02
4.819478493599133745e-02 -5.404226935219683114e-02
4.791094528861217228e-02 -5.292893672697084745e-02
4.760825174091680434e-02 -5.184887535667123681e-02
4.729009664581428768e-02 -5.079988930568633126e-02
4.695919486745171734e-02 -4.978001869770110055e-02
4.661774953964343410e-02 -4.878751262213047724e-02
4.626757054470113928e-02 -4.782080265246432121e-02
4.591016084568443761e-02 -4.687847882958499218e-02
4.554678051374295988e-02 -4.595926864423009739e-02
4.517849494522693798e-02 -4.506201887115189597e-02
4.480621175982107962e-02 -4.418568016015397143e-02
4.443070936004828164e-02 -4.332929384749178991e-02
4.405265932935599482e-02 -4.249198074738951697e-02
4.367264418892392863e-02 -4.167293159710653422e-02
4.329117161843699935e-02 -4.087139889017582517e-02
4.290868595221257464e-02 -4.008668987439720222e-02
4.252557755312766363e-02 -3.931816052664737632e-02
4.214219051740924343e-02 -3.856521034874975384e-02
4.175882905459675498e-02 -3.782727785519979929e-02
4.137576280697485148e-02 -3.710383664558797312e-02
4.099323131332455183e-02 -3.639439197282110655e-02
4.061144777713542042e-02 -3.569847773316606881e-02
4.023060226554038554e-02 -3.501565381645610486e-02
3.985086443925150296e-02 -3.434550376481929068e-02
3.947238589377935480e-02 -3.368763269664252352e-02
3.909530217660602686e-02 -3.304166545927756521e-02
3.871973453275934229e-02 -3.240724497963539535e-02
3.834579142158583281e-02 -3.178403078649673363e-02
3.797356983984895296e-02 -3.117169768225112533e-02
3.760315648011759715e-02 -3.056993454497355933e-02
3.723462874851515142e-02 -2.997844324453769957e-02
3.686805566183991995e-02 -2.939693765861452548e-02
3.650349864086379487e-02 -2.882514277641003153e-02
3.614101221392002072e-02 -2.826279387953394701e-02
3.578064464277645046e-02 -2.770963579086004394e-02
3.542243848070560086e-02 -2.716542218295482994e-02
3.506643107171929924e-02 -2.662991493948295776e-02
3.471265499813510486e-02 -2.610288356294063888e-02
3.436113848286701661e-02 -2.558410462319569284e-02
3.401190575192382382e-02 -2.507336124182866013e-02
3.366497736186983142e-02 -2.457044260777075176e-02
3.332037049636944748e-02 -2.407514352012968956e-02
3.297809923542653621e-02 -2.358726395443621476e-02
3.263817480051247472e-02 -2.310660864886653065e-02
3.230060577836809527e-02 -2.263298670715051947e-02
3.196539832601305586e-02 -2.216621121513337456e-02
3.163255635919165476e-02 -2.170609886800814806e-02
3.130208172630637858e-02 -2.125246960536042451e-02
3.097397436971702223e-02 -2.080514625119320865e-02
3.064823247614364629e-02 -2.036395415607020545e-02
3.032485261783893216e-02 -1.992872083848513248e-02
3.000382988612349325e-02 -1.949927562243828488e-02
2.968515801886632832e-02 -1.907544926805132546e-02
2.936882952349811893e-02 -1.865707359181640462e-02
2.905483579722674750e-02 -1.824398107281971840e-02
2.874316724621643962e-02 -1.783600444090226167e-02
2.843381340565303422e-02 -1.743297624227048079e-02
2.812676306284997083e-02 -1.703472837753163688e-02
2.782200438586891061e-02 -1.664109160647754895e-02
2.751952506050683173e-02 -1.625189501310112319e-02
2.721931243905165165e-02 -1.586696542338130594e-02
2.692135370487192328e-02 -1.548612676717511447e-02
2.662563605780673623e-02 -1.510919937415513767e-02
2.633214692642611710e-02 -1.473599919197883003e-02
2.604087421470399621e-02 -1.436633691281154028e-02
2.575180659253676133e-02 -1.400001699180548898e-02
2.546493384195629844e-02 -1.363683653804538716e-02
2.518024727410910976e-02 -1.327658405479952529e-02
2.489774023620313845e-02 -1.291903800135309026e-02
2.461740873312634817e-02 -1.256396514323464102e-02
2.433925219565757220e-02 -1.221111865092881950e-02
2.406327443688593276e-02 -1.186023589913605229e-02
2.378948485127125798e-02 -1.151103590873285044e-02
2.351789992825576922e-02 -1.116321636194585014e-02
2.324854517579278204e-02 -1.081645010714631268e-02
2.298145758131956221e-02 -1.047038105339578515e-02
2.271668878170885961e-02 -1.012461933626547690e-02
2.245430917448611174e-02 -9.778735616424673663e-03
2.219441328675368294e-02 -9.432254352801624012e-03
2.193712683530980173e-02 -9.084645876928251068e-03
2.168261607448753597e-02 -8.735317092511990511e-03
2.143110025495245305e-02 -8.383600649956387055e-03
2.118286833003659581e-02 -8.028742528701849832e-03
2.093830147272010209e-02 -7.669888153864104323e-03
2.069790353053479331e-02 -7.306067573184494082e-03
2.046234224979337143e-02 -6.936180992136152003e-03
2.023250487687750995e-02 -6.558987391389477749e-03
2.000957234084473763e-02 -6.173101482026102475e-03
1.979511596165602072e-02 -5.777008533912593967e-03
1.959121795203819585e-02 -5.369113341431505475e-03
1.940060874030185081e-02 -4.947848855698114279e-03
1.922679505599888400e-02 -4.511879304702133206e-03
1.907411690420013350e-02 -4.060432554957776018e-03
1.894762113244914670e-02 -3.593765377108791310e-03
1.885260596355375212e-02 -3.113673488748424506e-03
1.879375682527192892e-02 -2.623808603143881670e-03
1.877404153621838392e-02 -2.129473194407562747e-03
1.879385904936440796e-02 -1.636745247856163758e-03
1.885096435538614890e-02 -1.151250175803383066e-03
1.894121829017069575e-02 -6.772017119499459340e-04
1.905967711865003480e-02 -2.170939190313722882e-04
1.920148561891873301e-02 2.280611403887551972e-04
1.936236355439660203e-02 6.582819167763440029e-04
1.953875660112061596e-02 1.074199604645294844e-03
1.972780259686137544e-02 1.476762122240008650e-03
1.992722793040293747e-02 1.867052855167275222e-03
2.013523432335199634e-02 2.246189117599004317e-03
2.035039947268039301e-02 2.615268487355749093e-03
2.057159688527381361e-02 2.975341733602231750e-03
2.079793325260044165e-02 3.327399994877623408e-03
2.102869991635418143e-02 3.672369577996318322e-03
2.126333513021932270e-02 4.011110938633410603e-03
2.150139449688787813e-02 4.344420050197384323e-03
2.174252762724648846e-02 4.673031180112712304e-03
2.198645959076846873e-02 4.997620491865744675e-03
2.223297610150494485e-02 5.318810097132628534e-03
2.248191164729440583e-02 5.637172300298920469e-03
2.273313995575389559e-02 5.953233854731263680e-03
2.298656632505317182e-02 6.267480105779272247e-03
2.324212144743661654e-02 6.580358937565979408e-03
2.349975642989955357e-02 6.892284472815178760e-03
2.375943877596531015e-02 7.203640499023836880e-03
2.402114913955858549e-02 7.514783611761075531e-03
2.428487869948917077e-02 7.826046078129889408e-03
2.455062703302098373e-02 8.137738431485470880e-03
2.481840039108257692e-02 8.450151813567398709e-03
2.508821029688092924e-02 8.763560082861573605e-03
2.536007240515392169e-02 9.078221709186281782e-03
2.563400557164055918e-02 9.394381474513163396e-03
2.591003109224486109e-02 9.712271999370533995e-03
2.618817207925377977e-02 1.003211511303459327e-02
2.646845294835110593e-02 1.035412308443450953e-02
2.675089899518786132e-02 1.067849972920001042e-02
2.703553604438218086e-02 1.100544140689975643e-02
2.732239015699694518e-02 1.133513792102567794e-02
2.761148738524748722e-02 1.166777333308000736e-02
2.790285356520505466e-02 1.200352670081107805e-02
2.819651413999682901e-02 1.234257274960258791e-02
2.849249400732236509e-02 1.268508248498737001e-02
2.879081738622741096e-02 1.303122375340438378e-02
2.909150769891608382e-02 1.338116175749265967e-02
2.939458746413759621e-02 1.373505953157110916e-02
2.970007819919301059e-02 1.409307838228229456e-02
3.000800032811438631e-02 1.445537829889937710e-02
3.031837309390092092e-02 1.482211833729533274e-02
3.063121447300186720e-02 1.519345698118559039e-02
3.094654109045474194e-02 1.556955248389650485e-02
3.126436813427037331e-02 1.595056319361845901e-02
3.158470926779218674e-02 1.633664786484638476e-02
3.190757653884114531e-02 1.672796595847910947e-02
3.223298028454230080e-02 1.712467793288287646e-02
3.256092903075833572e-02 1.752694552806992670e-02
3.289142938507318148e-02 1.793493204501805244e-02
3.322448592224318265e-02 1.834880262204612728e-02
3.356010106104472673e-02 1.876872451014055185e-02
3.389827493134711656e-02 1.919486734901875574e-02
3.423900523019929309e-02 1.962740344573632098e-02
3.458228706562470334e-02 2.006650805763707593e-02
3.492811278667717900e-02 2.051235968143876390e-02
3.527647179820787848e-02 2.096514035033669038e-02
3.562735035857894639e-02 2.142503594101949002e-02
3.598073135840734044e-02 2.189223649263558058e-02
3.633659407814875814e-02 2.236693653982206598e-02
3.669491392208484165e-02 2.284933546208332486e-02
3.705566212591742542e-02 2.333963785193070642e-02
3.741880543485939792e-02 2.383805390448660508e-02
3.778430574859965169e-02 2.434479983139950857e-02
3.815211972905493965e-02 2.486009830227499384e-02
3.852219836619384663e-02 2.538417891712986887e-02
3.889448649652167689e-02 2.591727871378713202e-02
3.926892226792219609e-02 2.645964271450346877e-02
3.964543654365527275e-02 2.701152451678188668e-02
4.002395223695757315e-02 2.757318693368207563e-02
4.040438356662726799e-02 2.814490269013117385e-02
4.078663522178307965e-02 2.872695518181641455e-02
4.117060142237115306e-02 2.931963930475453214e-02
4.155616485942398991e-02 2.992326236452780286e-02
4.194319549611863485e-02 3.053814507543652426e-02
4.233154920708340208e-02 3.116462266124333386e-02
4.272106622907305418e-02 3.180304607096905850e-02
4.311156939068919863e-02 3.245378332507000557e-02
4.350286208223692191e-02 3.311722100967710858e-02
4.389472591855220207e-02 3.379376593919349026e-02
4.428691803738010052e-02 3.448384701061567303e-02
4.467916796297449061e-02 3.518791727642694989e-02
4.507117394834595642e-02 3.590645626695707082e-02
4.546259868888954947e-02 3.663997259762645509e-02
4.585306427366371562e-02 3.738900690153641737e-02
4.624214620650104329e-02 3.815413513337337359e-02
4.662936628484912888e-02 3.893597229631030887e-02
4.701418406631156094e-02 3.973517664916304676e-02
4.739598657639054052e-02 4.055245445562554590e-02
4.777407580919845742e-02 4.138856533966807361e-02
4.814765343622180727e-02 4.224432830846955311e-02
4.851580195328209638e-02 4.312062849311353030e-02
4.887746124174745244e-02 4.401842462753319946e-02
4.923139917019748318e-02 4.493875722935578715e-02
4.957617438017024314e-02 4.588275735438848701e-02
4.991008866757149637e-02 4.685165548186473461e-02
5.023112549281352757e-02 4.784678999455631992e-02
5.053686960438564385e-02 4.886961370816113315e-02
5.082440082394016484e-02 4.992169598681046178e-02
5.109015204696297496e-02 5.100471575441994226e-02
5.132971726204178797e-02 5.212043684979421332e-02
5.153758937133889884e-02 5.327065001214051354e-02
5.170679950333703645e-02 5.445705239316219609e-02
5.182842000019158984e-02 5.568101018574526939e-02
5.189088655654754828e-02 5.694310193619511046e-02
5.187910664385481097e-02 5.824225003887353175e-02
5.177340004622920516e-02 5.957408720907481775e-02
5.154859934403216437e-02 6.092795957355119640e-02
5.117444643626849893e-02 6.228178058679552376e-02
5.062022953980969964e-02 6.359464155505055449e-02
4.986870144876914129e-02 6.480114676203657664e-02
4.893986763334554763e-02 6.582077038468543695e-02
4.790333856265244217e-02 6.659485417399142737e-02
4.684846023490280009e-02 6.712356268633756784e-02
4.583816362379850018e-02 6.745467576258243336e-02
4.489773807207943224e-02 6.764503722019281351e-02
4.402961988216388955e-02 6.773945594456061425e-02
4.322727857275737023e-02 6.776851409052520037e-02
4.248203118509243092e-02 6.775226882322003819e-02
4.178557117162340351e-02 6.770390584206792406e-02
4.113068665041492294e-02 6.763225091671283551e-02
4.051132535469952750e-02 6.754334593361341343e-02
3.992245827500749689e-02 6.744142107914939677e-02
3.935990412954745721e-02 6.732950019277227083e-02
3.882016738774485276e-02 6.720978503103498813e-02
3.830030307788448440e-02 6.708390470560028629e-02
3.779780822137667612e-02 6.695308130392844947e-02
3.731053588732087534e-02 6.681824226400755184e-02
3.683662735569501884e-02 6.668009818016382151e-02
3.637445841992761192e-02 6.653919769289719233e-02
3.592259662201375409e-02 6.639596688869084384e-02
3.547976692006887117e-02 6.625073804011902268e-02
3.504482386737982347e-02 6.610377089025683273e-02
3.461672883281116664e-02 6.595526864654643884e-02
3.419453113502444325e-02 6.580539017360331755e-02
3.377735222040780666e-02 6.565425942767333378e-02
3.336437220708516477e-02 6.550197287574398286e-02
3.295481826081465837e-02 6.534860543891998774e-02
3.254795437509165612e-02 6.519421536060712730e-02
3.214307220634151502e-02 6.503884830492949465e-02
3.173948267224074860e-02 6.488254092657938510e-02
3.133650806148016027e-02 6.472532411155701437e-02
3.093347443018452589e-02 6.456722606392799324e-02
3.052970407576198475e-02 6.440827540376625748e-02
3.012450788471314478e-02 6.424850444483062861e-02
2.971717734768669975e-02 6.408795283750735872e-02
2.930697602318516060e-02 6.392667179519723186e-02
2.889313021099895393e-02 6.376472917439665600e-02
2.847481856768130717e-02 6.360221575650651382e-02
2.805116035986016110e-02 6.343925319250015571e-02
2.762120200863497910e-02 6.327600423452281464e-02
2.718390153452745692e-02 6.311268611291495634e-02
2.673811047783605441e-02 6.294958825521715373e-02
2.628255286612321204e-02 6.278709603314820697e-02
2.581580087378972099e-02 6.262572293428021741e-02
2.533624705724586354e-02 6.246615458780458568e-02
2.484207362675239228e-02 6.230930956729699433e-02
2.433122046813075701e-02 6.215642402241312869e-02
2.380135619509177874e-02 6.200917012708956344e-02
2.324986159861433185e-02 6.186982209034316837e-02
2.267384464382720885e-02 6.174148746462841675e-02
2.207022432689666885e-02 6.162842329104718103e-02
2.143595248058573904e-02 6.153644907361052740e-02
2.076849197613270248e-02 6.147343365859631037e-02
2.006672621654151042e-02 6.144973297337543577e-02
1.933247407044649119e-02 6.147823451053510690e-02
1.857253882502724052e-02 6.157332141557701755e-02
1.780044693899142730e-02 6.174791385274820688e-02
1.703592617617034899e-02 6.200866551676960381e-02
1.630046041018737291e-02 6.235184694799883465e-02
1.561067426398534547e-02 6.276374078020804936e-02
1.497435331291517048e-02 6.322584026148282688e-02
1.439129644588526755e-02 6.372061108113204198e-02
1.385665329083799607e-02 6.423443468606268580e-02
1.336389848691783323e-02 6.475788320047405622e-02
1.290652619314970433e-02 6.528484186254293609e-02
1.247875059824703550e-02 6.581149615271716935e-02
1.207567787439369454e-02 6.633553640828349085e-02
1.169325491906111555e-02 6.685561239796801447e-02
1.132814645952595102e-02 6.737097966236348101e-02
1.097760443451162825e-02 6.788127506794694455e-02
1.063935231543988377e-02 6.838637509804942893e-02
1.031148970583042022e-02 6.888630616439798959e-02
9.992416084364000653e-03 6.938118753504526892e-02
9.680770630347505096e-03 6.987119480828636597e-02
9.375384899229460486e-03 7.035653643422945525e-02
9.075245531260701243e-03 7.083743859951983912e-02
8.779464715953701551e-03 7.131413552203423600e-02
8.487256633068774800e-03 7.178686327413165424e-02
8.197918501340904773e-03 7.225585592279550051e-02
7.910815187793913961e-03 7.272134319797665669e-02
7.625366576410546639e-03 7.318354917058451925e-02
7.341037080670792872e-03 7.364269159598564596e-02
7.057326824047523844e-03 7.409898169254222622e-02
6.773764117168293991e-03 7.455262419950849095e-02
6.489898938711508719e-03 7.500381760805970022e-02
6.205297185717124214e-03 7.545275449203420193e-02
5.919535502602987082e-03 7.589962188668826493e-02
5.632196530387267863e-03 7.634460167787093798e-02
5.342864440909730721e-03 7.678787097285842689e-02
5.051120637040099580e-03 7.722960242912120521e-02
4.756539510299467345e-03 7.766996451932317580e-02
4.458684152718522808e-03 7.810912171048982333e-02
4.157101920722004566e-03 7.854723453261079624e-02
3.851319745482120228e-03 7.898445950693303019e-02
3.540839076490383524e-03 7.942094889652866196e-02
3.225130332741311598e-03 7.985685023071363575e-02
2.903626718283394432e-03 8.029230553967654782e-02
2.575717235094021878e-03 8.072745021472359228e-02
2.240738695067639227e-03 8.116241138084642759e-02
1.897966492727196346e-03 8.159730562883361904e-02
1.546603849041467901e-03 8.203223589956312733e-02
1.185769171923785684e-03 8.246728723713908638e-02
8.144810975716596652e-04 8.290252102101189347e-02
4.316406756366144258e-04 8.333796713656668742e-02
3.601003706101625927e-05 8.377361332902469315e-02
-3.738132651231390125e-04 8.420939067684776735e-02
-7.994272225231827296e-04 8.464515367365554876e-02
-1.242662807446313000e-03 8.508065275464456179e-02
-1.705629200253532679e-03 8.551549614376484365e-02
-2.190768195455934479e-03 8.594909648087120657e-02
-2.700918986737862928e-03 8.638059559317608216e-02
-3.239393763887263473e-03 8.680875769180010360e-02
-3.810062549878410511e-03 8.723181680152657103e-02
-4.417441163846617946e-03 8.764725795344002757e-02
-5.066766636634712287e-03 8.805150348649280756e-02
-5.764025282053161954e-03 8.843946690603807226e-02
-6.515862331827804686e-03 8.880393226561344999e-02
-7.329238220985202432e-03 8.913473222822149156e-02
-8.210599449045877588e-03 8.941777022020774846e-02
-9.164230014010942352e-03 8.963413488015917197e-02
-1.018948342090150380e-02 8.975997750270239828e-02
-1.127711731820135385e-02 8.976839657218439739e-02
-1.240634275103080428e-02 8.963462265862000289e-02
-1.354575739396243587e-02 8.934392235010543692e-02
-1.466020741760883268e-02 8.889791661347168361e-02
-1.572043927312900130e-02 8.831407343819742961e-02
-1.670906523319353257e-02 8.761860672783614024e-02
-1.762025927147536225e-02 8.683842713171689709e-02
-1.845596591618153468e-02 8.599642161252843420e-02
-1.922203836078087771e-02 8.511018771369684155e-02
-1.992567089040699416e-02 8.419258281432523416e-02
-2.057404778725806585e-02 8.325279343447188063e-02
-2.117375923355119260e-02 8.229734051784000359e-02
-2.173061869389914316e-02 8.133085983292841215e-02
-2.224966523017951961e-02 8.035666316193747216e-02
-2.273523934287143347e-02 7.937712935855908980e-02
-2.319107986242968308e-02 7.839397409449612442e-02
-2.362041920819511406e-02 7.740843603658278949e-02
-2.402606850277993686e-02 7.642140612604381156e-02
-2.441049041742049744e-02 7.543351813034637754e-02
-2.477586029490945127e-02 7.444521268398941738e-02
-2.512411705403225226e-02 7.345678301929932374e-02
-2.545700558135964228e-02 7.246840791947610494e-02
-2.577611221144303702e-02 7.148017565740424906e-02
-2.608289468937963554e-02 7.049210150803109087e-02
-2.637870778924765458e-02 6.950414063617067761e-02
-2.666482556333764700e-02 6.851619763322226719e-02
-2.694246103135241113e-02 6.752813361968271200e-02
-2.721278398626506001e-02 6.653977159021425003e-02
-2.747693749057962542e-02 6.555090051876247270e-02
-2.773605355828318714e-02 6.456127863991745208e-02
-2.799126845829348620e-02 6.357063626535221224e-02
-2.824373802904433031e-02 6.257867847234203917e-02
-2.849465335464880164e-02 6.158508801099231433e-02
-2.874525711309030424e-02 6.058952881687518222e-02
-2.899686085577373590e-02 5.959165058719219366e-02
-2.925086340085827213e-02 5.859109498366658897e-02
-2.950877039903392063e-02 5.758750416545046352e-02
-2.977221492927401708e-02 5.658053252917373543e-02
-3.004297866104718023e-02 5.556986273059692782e-02
-3.032301262142568163e-02 5.455522725669336576e-02
-3.061445586070275088e-02 5.353643695109495254e-02
-3.091964924665310463e-02 5.251341786132856376e-02
-3.124114019110527107e-02 5.148625738962394477e-02
-3.158167237056279386e-02 5.045525971027001871e-02
-3.194415269883624925e-02 4.942100840047892324e-02
-3.233158656920133434e-02 4.838443086325260739e-02
-3.274697286492293802e-02 4.734685431370090625e-02
-3.319315411521650550e-02 4.631003752220506919e-02
-3.367262611946991724e-02 4.527615818703761147e-02
-3.418732568613528505e-02 4.424773637288149930e-02
-3.473843180266628083e-02 4.322748404617422074e-02
-3.532622708276750290e-02 4.221809091132840142e-02
-3.595006311571147251e-02 4.122198247944110910e-02
-3.660845036809802500e-02 4.024110524958193075e-02
-3.729925700905337843e-02 3.927679280590255784e-02
-3.801996833641292650e-02 3.832974211787944924e-02
-3.876794565277694865e-02 3.740009268266308862e-02
-3.954063438703644962e-02 3.648757084731792805e-02
-4.033569640427669273e-02 3.559165011088771119e-02
-4.115106689082440733e-02 3.471168540147949455e-02
-4.198495295557332085e-02 3.384699681237622604e-02
-4.283579746282020762e-02 3.299689688793858849e-02
-4.370223027201385751e-02 3.216066977026699192e-02
-4.458302351432465171e-02 3.133751863254703729e-02
-4.547706048268122803e-02 3.052650024490421998e-02
-4.638332093823646640e-02 2.972646346848636587e-02
-4.730088033608303294e-02 2.893600348969715616e-02
-4.822891734785730161e-02 2.815343739120303515e-02
-4.916672322447997179e-02 2.737680084721406601e-02
-5.011370752307483384e-02 2.660386153612141757e-02
-5.106939667410193007e-02 2.583214278930603611e-02
-5.203342392875178607e-02 2.505895084746322457e-02
-5.300551080822690775e-02 2.428140024520134693e-02
-5.398544103862117777e-02 2.349643356542121739e-02
-5.497302814393043718e-02 2.270083352683631081e-02
-5.596807757369883646e-02 2.189122677192181787e-02
-5.697034366863473059e-02 2.106407971530277479e-02
-5.797948107591576611e-02 2.021568744868578252e-02
-5.899498950726071028e-02 1.934215710394731474e-02
-6.001615002294308221e-02 1.843938739809682092e-02
-6.104195032698536000e-02 1.750304646909802558e-02
-6.207099586578008338e-02 1.652855070772536392e-02
-6.310140284784218623e-02 1.551104825396303760e-02
-6.413066870271791342e-02 1.444541234546525311e-02
-6.515551512282684310e-02 1.332625201015362297e-02
-6.617169899360968166e-02 1.214795096258016599e-02
-6.717378779411067868e-02 1.090475029006750252e-02
-6.815489950689135323e-02 9.590896734643111765e-03
-6.910641399521892658e-02 8.200886406689998631e-03
-7.001767680014979456e-02 6.729841067122101575e-03
-7.087573834424089336e-02 5.174060325806392573e-03
-7.166520693400528497e-02 3.531788569369469222e-03
-7.236834035403003074e-02 1.804210438646254838e-03
-7.296554854228998188e-02 -3.373950543017001716e-06
-7.343650032918144777e-02 -1.880360163759907301e-03
-7.376196470824844531e-02 -3.809965057213105574e-03
-7.392631118984942240e-02 -5.769138933975421352e-03
-7.392024027761177896e-02 -7.729731942666455413e-03
-7.374295317811634110e-02 -9.661067933332399826e-03
-7.340289581508231687e-02 -1.153349115364400886e-02
-7.291664207743735193e-02 -1.332188874715180792e-02
-7.230625207887241002e-02 -1.500812061108972549e-02
-7.159604081068918213e-02 -1.658179171494721452e-02
-7.080973257699289813e-02 -1.803953799348559373e-02
-6.996855652754968569e-02 -1.938344959422686614e-02
-6.909034044180881184e-02 -2.061928730888009514e-02
-6.818936149765818244e-02 -2.175491848944125645e-02
-6.727664237814498516e-02 -2.279914237793254431e-02
-6.636044159518275642e-02 -2.376090349458093859e-02
-6.544677984555909156e-02 -2.464881710358769393e-02
-6.453992158928814615e-02 -2.547091657101362497e-02
-6.364278082930639735e-02 -2.623454563651447455e-02
-6.275724699821916275e-02 -2.694633890471804724e-02
-6.188443904135253193e-02 -2.761225228223678288e-02
-6.102489981189022222e-02 -2.823761905094307814e-02
-6.017874297324958544e-02 -2.882721691080819895e-02
-5.934576308184071752e-02 -2.938533761503920455e-02
-5.852551759011843935e-02 -2.991585475551554463e-02
-5.771738756272717236e-02 -3.042228772463022313e-02
-5.692062257805975689e-02 -3.090786114302940951e-02
-5.613437371624552946e-02 -3.137556011018144408e-02
-5.535771785759385083e-02 -3.182818194122321448e-02
-5.458967573658837780e-02 -3.226838542204235605e-02
-5.382922577050214957e-02 -3.269873879484078150e-02
-5.307531543842611971e-02 -3.312176784184926032e-02
-5.232687194538413605e-02 -3.354000558166318063e-02
-5.158281408355328695e-02 -3.395604524348377201e-02
-5.084206764840487613e-02 -3.437259832311438668e-02
-5.010358756610541059e-02 -3.479255959447796753e-02
-4.936639116663250892e-02 -3.521908082074155788e-02
-4.862960896019763446e-02 -3.565565431171503069e-02
-4.789256201122966961e-02 -3.610620589217067994e-02
-4.715487860225606176e-02 -3.657519333365241015e-02
-4.641666693244764913e-02 -3.706769924324121446e-02
-4.567876346226718703e-02 -3.758949432419634445e-02
-4.494307377303997236e-02 -3.814702485618703259e-02
-4.421300484876225512e-02 -3.874724597090747902e-02
-4.349393808538593031e-02 -3.939718718093776495e-02
-4.279359385016998085e-02 -4.010312837727725288e-02
-4.212200152549450127e-02 -4.086934835759961637e-02
-4.149071012554315235e-02 -4.169665804365772777e-02
-4.091105738121553204e-02 -4.258130332223548919e-02
-4.039188161290398205e-02 -4.351499440827195919e-02
-3.993766584270315445e-02 -4.448637281755130068e-02
-3.954803861476874349e-02 -4.548332025527755673e-02
-3.921870049220495952e-02 -4.649501388156841025e-02
-3.894304248052288253e-02 -4.751301888032938292e-02
-3.871365149090018332e-02 -4.853143655396662676e-02
-3.852331914183135253e-02 -4.954651299411209908e-02
-3.836555500393718648e-02 -5.055608876243705002e-02
-3.823475966029083600e-02 -5.155909708717518192e-02
-3.812621179037724989e-02 -5.255517870036114508e-02
-3.803597340303597335e-02 -5.354441141629354833e-02
-3.796077084411941110e-02 -5.452713002957784716e-02
-3.789787901454763630e-02 -5.550381022238846940e-02
-3.784501957205574363e-02 -5.647499554371734204e-02
-3.780027573999815427e-02 -5.744125250863352933e-02
-3.776202280253042332e-02 -5.840314373146167359e-02
-3.772887210733214675e-02 -5.936121248671293038e-02
-3.769962618131521281e-02 -6.031597443866528602e-02
-3.767324277217310585e-02 -6.126791381668889730e-02
-3.764880596910255561e-02 -6.221748230401433211e-02
-3.762550290368234934e-02 -6.316509954160866303e-02
-3.760260483891082056e-02 -6.411115455359878146e-02
-3.757945170823587255e-02 -6.505600765891121628e-02
-3.755543936916594383e-02 -6.599999259840919064e-02
-3.753000899492404258e-02 -6.694341871191759885e-02
-3.750263815076841645e-02 -6.788657306626574850e-02
-3.747283319647803229e-02 -6.882972247781000974e-02
-3.744012272929535257e-02 -6.977311539934520634e-02
-3.740405183728248706e-02 -7.071698365758592730e-02
-3.736417697541506017e-02 -7.166154403700239484e-02
-3.732006130873362360e-02 -7.260699971104848938e-02
-3.727127039069710185e-02 -7.355354152414740609e-02
-3.721736806215386606e-02 -7.450134912819475486e-02
-3.715791246824249466e-02 -7.545059197615956725e-02
-3.709245209787179198e-02 -7.640143017319883656e-02
-3.702052175372050336e-02 -7.735401518221969586e-02
-3.694163836021818054e-02 -7.830849037649555144e-02
-3.685529651276216873e-02 -7.926499142603002368e-02
-3.676096366330953297e-02 -8.022364649684324278e-02
-3.665807482504582215e-02 -8.118457623262193001e-02
-3.654602666141337775e-02 -8.214789347522234719e-02
-3.642417080141050617e-02 -8.311370266341729096e-02
-3.629180619240061911e-02 -8.408209882617657949e-02
-3.614817026192321953e-02 -8.505316605533103091e-02
-3.599242860877120004e-02 -8.602697529930876386e-02
-3.582366287785893749e-02 -8.700358125944379628e-02
-3.564085638913692955e-02 -8.798301808612361830e-02
-3.544287698314105284e-02 -8.896529345227152663e-02
-3.522845640440081666e-02 -8.995038042979534854e-02
-3.499616539493460854e-02 -9.093820623028535388e-02
-3.474438339479213322e-02 -9.192863679638328678e-02
-3.447126155888005639e-02 -9.292145531171462636e-02
-3.417467743687194887e-02 -9.391633218010259077e-02
-3.385217935772238951e-02 -9.491278270306252596e-02
-3.350091828239944169e-02 -9.591010686580725420e-02
-3.311756484279632790e-02 -9.690730283254425648e-02
-3.269820987081069330e-02 -9.790294145069607101e-02
-3.223824882180446882e-02 -9.889498252421664859e-02
-3.173225599263736901e-02 -9.988050389437835852e-02
-3.117386723412338481e-02 -1.008553006842933669e-01
-3.055571776934080247e-02 -1.018132952658594298e-01
-2.986953923654200177e-02 -1.027456856561331094e-01
-2.910662976630309234e-02 -1.036397769188581730e-01
-2.825909155276180168e-02 -1.044775593362324284e-01
-2.732243098813130419e-02 -1.052344780521171919e-01
-2.630001669947644796e-02 -1.058796866028346162e-01
-2.520863977405834663e-02 -1.063801583092056496e-01
-2.408134329973469351e-02 -1.067104373336777989e-01
-2.296169550874734011e-02 -1.068645025262918019e-01
-2.188973064046214126e-02 -1.068598297660848240e-01
-2.089014451452740270e-02 -1.067288056508227112e-01
-1.997099738943933916e-02 -1.065057518280209115e-01
-1.912944595521342758e-02 -1.062190602792448396e-01
-1.835777031093227540e-02 -1.058894603777249949e-01
-1.764705817555373146e-02 -1.055312341368090101e-01
-1.698888553786911601e-02 -1.051540103000389303e-01
-1.637589004785349259e-02 -1.047642591921918859e-01
-1.580184882963892382e-02 -1.043663511109530762e-01
-1.526157049413933396e-02 -1.039632619221145665e-01
-1.475073724885474745e-02 -1.035570344387608810e-01
-1.426575027771612506e-02 -1.031490798852078561e-01
-1.380359576955062992e-02 -1.027403764607769387e-01
-1.336173460797638116e-02 -1.023316017068564149e-01
-1.293801357453102166e-02 -1.019232219479418444e-01
-1.253059451550062042e-02 -1.015155535650243829e-01
-1.213789795068407479e-02 -1.011088055348011577e-01
-1.175855809385672850e-02 -1.007031093343968842e-01
-1.139138682870659627e-02 -1.002985402078555577e-01
-1.103534470428120876e-02 -9.989513244864296759e-02
-1.068951744380456856e-02 -9.949289048523719814e-02
-1.035309680086293933e-02 -9.909179698893180732e-02
-1.002536486076489181e-02 -9.869181884612038269e-02
-9.705681087385257741e-03 -9.829291158389613647e-02
-9.393471570781403504e-03 -9.789502266525876295e-02
-9.088220049494171934e-03 -9.749809395134355350e-02
-8.789460372437675126e-03 -9.710206354522975258e-02
-8.496770135336695687e-03 -9.670686717348152273e-02
-8.209765280942268525e-03 -9.631243922012153180e-02
-7.928095494347078484e-03 -9.591871349781050382e-02
-7.651440257752799810e-03 -9.552562381947705961e-02
-7.379505454893874050e-03 -9.513310441776919035e-02
-7.112020435835595192e-03 -9.474109024810060953e-02
-6.848735469137951469e-03 -9.434951720243231477e-02
-6.589419521357569101e-03 -9.395832225444360197e-02
-6.333858314345388631e-03 -9.356744355195907581e-02
-6.081852619179939530e-03 -9.317682046875759572e-02
-5.833216752457348608e-03 -9.278639362516472033e-02
-5.587777246219386394e-03 -9.239610488467674132e-02
-5.345371667335185178e-03 -9.200589733218443589e-02
-5.105847565951951265e-03 -9.161571523817428619e-02
-4.869061535704569295e-03 -9.122550401226757477e-02
-4.634878370912206592e-03 -9.083521014865852949e-02
-4.403170308192222264e-03 -9.044478116550996871e-02
-4.173816341626814842e-03 -9.005416553979120331e-02
-3.946701602167641647e-03 -8.966331263875619573e-02
-3.721716793203649377e-03 -8.927217264895587201e-02
-3.498757675231871627e-03 -8.888069650338044358e-02
-3.277724593524656595e-03 -8.848883580725989961e-02
-3.058522043378184875e-03 -8.809654276279059448e-02
-2.841058268206549022e-03 -8.770377009303211013e-02
-2.625244886234294819e-03 -8.731047096503104232e-02
-2.410996542045071040e-03 -8.691659891225138324e-02
-2.198230579582490744e-03 -8.652210775624430417e-02
-1.986866733519010615e-03 -8.612695152745214466e-02
-1.776826836207557854e-03 -8.573108438505419593e-02
-1.568034537588939127e-03 -8.533446053561768996e-02
-1.360415035661470757e-03 -8.493703415040090854e-02
-1.153894815190475379e-03 -8.453875928100459958e-02
-9.484013924842661994e-04 -8.413958977313590326e-02
-7.438630640817548659e-04 -8.373947917814546227e-02
-5.402086572642243040e-04 -8.333838066202976791e-02
-3.373672802599851249e-04 -8.293624691150211503e-02
-1.352680700122489211e-04 -8.253303003677331384e-02
6.616006474061955286e-05 -8.212868147056263946e-02
2.669887073771735051e-04 -8.172315186293939437e-02
4.672902068108193176e-04 -8.131639097145279549e-02
6.671379630800267991e-04 -8.090834754605646939e-02
8.666067280553815160e-04 -8.049896920824864410e-02
1.065772924501238138e-03 -8.008820232383621895e-02
1.264714987121452403e-03 -7.967599186866466954e-02
1.463513729642873084e-03 -7.926228128669582373e-02
1.662252742595550503e-03 -7.884701233967099376e-02
1.861018827063747006e-03 -7.843012494767875875e-02
2.059902470514613990e-03 -7.801155701986919877e-02
2.258998371785777854e-03 -7.759124427455087181e-02
2.458406023449863365e-03 -7.716912004799009184e-02
2.658230361232556162e-03 -7.674511509120578168e-02
2.858582491852796909e-03 -7.631915735420688462e-02
3.059580512761936322e-03 -7.589117175726391162e-02
3.261350439799905361e-03 -7.546107994910632166e-02
3.464027261976842728e-03 -7.502880005223665216e-02
3.667756146383679364e-03 -7.459424639629640141e-02
3.872693821109094749e-03 -7.415732924111434476e-02
4.079010169946800657e-03 -7.371795449242062037e-02
4.286890080178098333e-03 -7.327602341489052040e-02
4.496535594050649239e-03 -7.283143234979552738e-02
4.708168426466961994e-03 -7.238407244807314178e-02
4.922032926431276108e-03 -7.193382943484268044e-02
5.138399579095129580e-03 -7.148058342875118765e-02
5.357569169991836973e-03 -7.102420885022527053e-02
5.579877765127693422e-03 -7.056457446804342837e-02
5.805702702311839151e-03 -7.010154365603386839e-02
6.035469843676829690e-03 -6.963497496451288848e-02
6.269662411190088554e-03 -6.916472315938987370e-02
6.508831821799258496e-03 -6.869064095403795700e-02
6.753611064627150495e-03 -6.821258176740993551e-02
7.004731329421236101e-03 -6.773040400681674955e-02
7.263042816220909373e-03 -6.724397762738172635e-02
7.529540945849405240e-03 -6.675319411491767441e-02
7.805399563741904044e-03 -6.625798166112088772e-02
8.092013191210953651e-03 -6.575832829248103029e-02
8.391050902668390279e-03 -6.525431731660248647e-02
8.704524882403724684e-03 -6.474618206193655245e-02
9.034876808814299234e-03 -6.423439117197839165e-02
9.385084062053586362e-03 -6.371978273380161928e-02
9.758783225553841270e-03 -6.320377682805847219e-02
1.016039543679575843e-02 -6.268871342666512692e-02
1.059520558326414522e-02 -6.217838582657433943e-02
1.106927209928977585e-02 -6.167885898924686805e-02
1.158888874190520252e-02 -6.119963206408600420e-02
1.215906568722060002e-02 -6.075498436913327749e-02
1.278032999920857178e-02 -6.036463884373241551e-02
1.344392104063789339e-02 -6.005156071593859002e-02
1.412851999897630877e-02 -5.983445161858330641e-02
1.480463031955574216e-02 -5.971756019767557322e-02
1.544660191071184178e-02 -5.968780466271333962e-02
1.604120948800903668e-02 -5.972311062779627616e-02
1.658650439488613612e-02 -5.980240125850227323e-02
1.708646998167561576e-02 -5.990986891086606814e-02
1.754696257472656770e-02 -6.003487108731451333e-02
1.797378079440746165e-02 -6.017052976710672574e-02
1.837200402476858729e-02 -6.031243999511487486e-02
1.874587973731995511e-02 -6.045776885963167341e-02
1.909890264601296281e-02 -6.060467982146049148e-02
1.943394064453023498e-02 -6.075197402020281884e-02
1.975335621030650454e-02 -6.089886664786134385e-02
2.005910875832847551e-02 -6.104484592212421762e-02
2.035283661585265969e-02 -6.118958273719168894e-02
2.063592135357379329e-02 -6.133287179283095775e-02
2.090953795672305382e-02 -6.147459259265171394e-02
2.117469398449397383e-02 -6.161468320162639956e-02
2.143226027164750122e-02 -6.175312233815470619e-02
2.168299515307069505e-02 -6.188991699984815881e-02
2.192756371822625686e-02 -6.202509381982192899e-02
2.216655323384521606e-02 -6.215869297340089611e-02
2.240048559434149739e-02 -6.229076385093938045e-02
2.262982745079167649e-02 -6.242136196788512781e-02
2.285499851387254311e-02 -6.255054675066173964e-02
2.307637841013369245e-02 -6.267837994827846204e-02
2.329431238416239044e-02 -6.280492449465734095e-02
2.350911607377995094e-02 -6.293024369788274841e-02
2.372107953598147356e-02 -6.305440066802307786e-02
2.393047066357392727e-02 -6.317745791986888182e-02
2.413753810356862942e-02 -6.329947710440857189e-02
2.434251376606249087e-02 -6.342051883528460055e-02
2.454561499495953522e-02 -6.354064258539364463e-02
2.474704645836720007e-02 -6.365990663528570126e-02
2.494700180579303983e-02 -6.377836805971100198e-02
2.514566513087135996e-02 -6.389608274215133332e-02
2.534321227162675966e-02 -6.401310540971695551e-02
2.553981197493501026e-02 -6.412948968269323313e-02
2.573562694758851216e-02 -6.424528813444708997e-02
2.593081481289953236e-02 -6.436055235844732880e-02
2.612552898902167561e-02 -6.447533303994727738e-02
2.631991950300488492e-02 -6.458968003049840589e-02
2.651413375272266768e-02 -6.470364242385087672e-02
2.670831722749424444e-02 -6.481726863217922296e-02
2.690261419706920301e-02 -6.493060646177210848e-02
2.709716837779143142e-02 -6.504370318750285485e-02
2.729212358415197132e-02 -6.515660562550573687e-02
2.748762437348236526e-02 -6.526936020353757417e-02
2.768381669131502951e-02 -6.538201302853370589e-02
2.788084852482851025e-02 -6.549460995084192827e-02
2.807887057187111526e-02 -6.560719662455481715e-02
2.827803693330355542e-02 -6.571981856328194815e-02
2.847850583681519818e-02 -6.583252119056035023e-02
2.868044040091364405e-02 -6.594534988391050068e-02
2.888400944862513225e-02 -6.605835001132340234e-02
2.908938838140265673e-02 -6.617156695864477578e-02
2.929676012503478963e-02 -6.628504614593884459e-02
2.950631616089556888e-02 -6.639883303041979601e-02
2.971825765780781656e-02 -6.651297309291610838e-02
2.993279672215079165e-02 -6.662751180403955753e-02
3.015015778670806015e-02 -6.674249456522232671e-02
3.037057916228173490e-02 -6.685796661850426648e-02
3.059431478038310281e-02 -6.697397291729578761e-02
3.082163616059719127e-02 -6.709055794822506302e-02
3.105283464272191180e-02 -6.720776549143582523e-02
3.128822393178875422e-02 -6.732563830310839270e-02
3.152814301405475889e-02 -6.744421769931618904e-02
3.177295951446505728e-02 -6.756354301413365626e-02
3.202307358168569179e-02 -6.768365089675423829e-02
3.227892240643907840e-02 -6.780457440141024472e-02
3.254098550379292548e-02 -6.792634180917261899e-02
3.280979092186955132e-02 -6.804897510070126443e-02
3.308592258026663707e-02 -6.817248797161767904e-02
3.337002899433382658e-02 -6.829688324430155388e-02
3.366283371019134635e-02 -6.842214947700568650e-02
3.396514786555452498e-02 -6.854825649650966857e-02
3.427788541041495302e-02 -6.867514947388604629e-02
3.460208167980750177e-02 -6.880274100877281640e-02
3.493891622232564442e-02 -6.893090046163675988e-02
3.528974107233597002e-02 -6.905943943780563921e-02
3.565611603731660278e-02 -6.918809182045132511e-02
3.603985308943254834e-02 -6.931648597263710687e-02
3.644307264643972116e-02 -6.944410551561480682e-02
3.686827544966116144e-02 -6.957023316164559490e-02
3.731843493155217323e-02 -6.969386895147428040e-02
3.779711637805323321e-02 -6.981360906923918253e-02
3.830863057076498712e-02 -6.992746266093274876e-02
3.885823002645124452e-02 -7.003256901398172141e-02
3.945235271989665227e-02 -7.012475107111788841e-02
4.009890366931066763e-02 -7.019779468601286543e-02
4.080751813604927003e-02 -7.024226180864567848e-02
4.158961523768527763e-02 -7.024351271362107296e-02
4.245768121599916706e-02 -7.017843971378882884e-02
4.342227854335672932e-02 -7.001041219685372186e-02
4.448326970368846750e-02 -6.968316807028318571e-02
4.560980093436240584e-02 -6.912035955745338134e-02
4.671283886971567406e-02 -6.825151468063520022e-02
4.765483894750956184e-02 -6.707829194896836045e-02
4.833954240888192755e-02 -6.570474519291311100e-02
4.877072879333820693e-02 -6.425646530466284923e-02
4.900312416187575792e-02 -6.281050676534302712e-02
4.909075022153301660e-02 -6.140002396192018735e-02
4.907343083611051537e-02 -6.003611562409765651e-02
4.897864500145059086e-02 -5.872070968541877323e-02
4.882536759206668187e-02 -5.745222320732461252e-02
4.862697896218291099e-02 -5.622788025930239991e-02
4.839315996058433933e-02 -5.504464513822031335e-02
4.813109311275836494e-02 -5.389958745377925603e-02
4.784623096118482966e-02 -5.279001138346958721e-02
4.754279790407226619e-02 -5.171348672614738823e-02
4.722412596017370318e-02 -5.066784015599382768e-02
4.689288487881418388e-02 -4.965113187836178027e-02
4.655124346005783814e-02 -4.866162855753938810e-02
4.620098504240252590e-02 -4.769777705618732239e-02
4.584359177617727821e-02 -4.675818069814813294e-02
4.548030720567761837e-02 -4.584157852805653688e-02
4.511218345380917094e-02 -4.494682739824949758e-02
4.474011736965192998e-02 -4.407288677804706983e-02
4.436487853464546327e-02 -4.321880575235546862e-02
4.398713124678878261e-02 -4.238371197077414609e-02
4.360745196393622791e-02 -4.156680222490478221e-02
4.322634328425681294e-02 -4.076733439236304712e-02
4.284424525621809837e-02 -3.998462052774971742e-02
4.246154460681603182e-02 -3.921802091551479519e-02
4.207858233128781295e-02 -3.846693893157916710e-02
4.169565998139625890e-02 -3.773081658663134108e-02
4.131304491123801576e-02 -3.700913064567205868e-02
4.093097468141901341e-02 -3.630138923632007797e-02
4.054966077873921326e-02 -3.560712887311235503e-02
4.016929177531230327e-02 -3.492591183703330771e-02
3.979003602566628245e-02 -3.425732385949030456e-02
3.941204398070412979e-02 -3.360097206804428527e-02
3.903545018213992746e-02 -3.295648315796460143e-02
3.866037498900169039e-02 -3.232350175917952234e-02
3.828692607834038864e-02 -3.170168897283286158e-02
3.791519975472711773e-02 -3.109072105544854678e-02
3.754528209708801745e-02 -3.049028823188969228e-02
3.717724996658686859e-02 -2.990009362099266613e-02
3.681117189529901218e-02 -2.931985225993715902e-02
3.644710887225090928e-02 -2.874929021533886853e-02
3.608511504075415793e-02 -2.818814377060033932e-02
3.572523831883631790e-02 -2.763615868042023152e-02
3.536752095264049378e-02 -2.709308948427002761e-02
3.501200001157507569e-02 -2.655869887219052330e-02
3.465870783230719926e-02 -2.603275709635608295e-02
3.430767241795842221e-02 -2.551504142298917366e-02
3.395891779788221682e-02 -2.500533561960591872e-02
3.361246435275292571e-02 -2.450342947316841782e-02
3.326832910903012447e-02 -2.400911833503423243e-02
3.292652600638488330e-02 -2.352220268898664104e-02
3.258706614123707546e-02 -2.304248773889262109e-02
3.224995798919096102e-02 -2.256978301275170198e-02
3.191520760884661995e-02 -2.210390198005984796e-02
3.158281882923699019e-02 -2.164466167956218684e-02
3.125279342289948026e-02 -2.119188235449455393e-02
3.092513126647525659e-02 -2.074538709250391133e-02
3.059983049055527843e-02 -2.030500146735929323e-02
3.027688762044003501e-02 -1.987055317954780978e-02
2.995629770941476283e-02 -1.944187169272187238e-02
2.963805446611715577e-02 -1.901878786278399583e-02
2.932215037761217932e-02 -1.860113355618973549e-02
2.900857682984720257e-02 -1.818874125375018885e-02
2.869732422727227714e-02 -1.778144363583751206e-02
2.838838211357232882e-02 -1.737907314443632931e-02
2.808173929573550692e-02 -1.698146151697340483e-02
2.777738397393021003e-02 -1.658843928608242507e-02
2.747530388015424763e-02 -1.619983523873415668e-02
2.717548642910712700e-02 -1.581547582708063907e-02
2.687791888547571770e-02 -1.543518452220549002e-02
2.658258855272218474e-02 -1.505878110049975634e-02
2.628948298962687294e-02 -1.468608085061028252e-02
2.599859026233382678e-02 -1.431689368676137761e-02
2.570989924162570689e-02 -1.395102315169508347e-02
2.542339995765962105e-02 -1.358826528931141031e-02
2.513908402769443953e-02 -1.322840736327573867e-02
2.485694517666634309e-02 -1.287122639324056982e-02
2.457697987613516669e-02 -1.251648747467256489e-02
2.429918813465303459e-02 -1.216394184143549523e-02
2.402357448261201178e-02 -1.181332462196923311e-02
2.375014920804881940e-02 -1.146435222987626443e-02
2.347892991792802433e-02 -1.111671931765053321e-02
2.320994352396897609e-02 -1.077009520802221093e-02
2.294322878551659575e-02 -1.042411970073375826e-02
2.267883958784839768e-02 -1.007839813371204027e-02
2.241684919770210380e-02 -9.732495557497262625e-03
2.215735582564430303e-02 -9.385929862389735465e-03
2.190048994711722014e-02 -9.038163683640165411e-03
2.164642400426785435e-02 -8.688594910084291786e-03
2.139538534723405341e-02 -8.336545652702248912e-03
2.114767360017695205e-02 -7.981249623557213832e-03
2.090368408063660727e-02 -7.621838089465514561e-03
2.066393948392137095e-02 -7.257325001551103230e-03
2.042913276405498163e-02 -6.886592740162816861e-03
2.020018491581066292e-02 -6.508381455664792939e-03
1.997832189841536321e-02 -6.121287705047937996e-03
1.976517448017602735e-02 -5.723782647619517217e-03
1.956290160091630342e-02 -5.314267145991423066e-03
1.937432853465312355e-02 -4.891190622455944548e-03
1.920307015629193342e-02 -4.453269335574333229e-03
1.905357141162620366e-02 -3.999837147324067886e-03
1.893094613805470366e-02 -3.531324439910872234e-03
1.884046931642767084e-02 -3.049759762108238473e-03
1.878666450981154173e-02 -2.559036917901196233e-03
1.877219869071420147e-02 -2.064622252251604052e-03
1.879710858823622696e-02 -1.572604404146307798e-03
1.885884486109685662e-02 -1.088465569138081330e-03
1.895310102083173562e-02 -6.161966339369749157e-04
1.907490262898949712e-02 -1.580755406893123130e-04
1.921945109769657503e-02 2.850477166776582152e-04
1.938255851699276916e-02 7.132935741333707716e-04
1.956076592436332973e-02 1.127348959486615398e-03
1.975129510644582295e-02 1.528187841838294682e-03
1.995194130261986748e-02 1.916902535109949682e-03
2.016096101030852294e-02 2.294610044434140274e-03
2.037697506890698632e-02 2.662402886076807324e-03
2.059889096025960611e-02 3.021324441727298981e-03
2.082584223624429562e-02 3.372357431727899396e-03
2.105714157711306017e-02 3.716419417112163271e-03
2.129224426157176955e-02 4.054362176564710492e-03
2.153071952074331677e-02 4.386973307488126715e-03
2.177222790021877616e-02 4.714979140062767159e-03
2.201650325611137840e-02 5.039048417867873081e-03
2.226333836951932543e-02 5.359796388640428871e-03
2.251257341512923754e-02 5.677789059494198556e-03
2.276408669766447415e-02 5.993547444382380830e-03
2.301778719896966849e-02 6.307551685051243813e-03
2.327360857494767746e-02 6.620244967397588207e-03
2.353150431542109719e-02 6.932037186083746770e-03
2.379144383770687848e-02 7.243308333398193986e-03
2.405340933034067624e-02 7.554411605047660003e-03
2.431739319980870395e-02 7.865676227200033357e-03
2.458339600224310195e-02 8.177410016695823083e-03
2.485142476543236029e-02 8.489901691062288341e-03
2.512149162514455344e-02 8.803422947372298649e-03
2.539361271478041138e-02 9.118230329989082672e-03
2.566780725938869190e-02 9.434566907173444136e-03
2.594409683464643512e-02 9.752663775745573638e-03
2.622250475910363476e-02 1.007274141186812084e-02
2.650305559414765921e-02 1.039501088465948943e-02
2.678577473106421789e-02 1.071967494790768659e-02
2.707068804849298294e-02 1.104692902368824454e-02
2.735782162677244736e-02 1.137696209034234213e-02
2.764720150816432978e-02 1.170995748592975477e-02
2.793885349400372295e-02 1.204609363708920335e-02
2.823280297146097892e-02 1.238554472216448973e-02
2.852907476388661517e-02 1.272848127643364663e-02
2.882769299982797240e-02 1.307507074647616847e-02
2.912868099658368071e-02 1.342547799985152959e-02
2.943206115490097294e-02 1.377986579563992078e-02
2.973785486198057826e-02 1.413839522080872005e-02
3.004608240031927252e-02 1.450122609675009305e-02
3.035676286038630975e-02 1.486851736001185663e-02
3.066991405531016915e-02 1.524042742073110530e-02
3.098555243603978021e-02 1.561711450201298812e-02
3.130369300556894163e-02 1.599873696314639201e-02
3.162434923098796785e-02 1.638545360936159365e-02
3.194753295216994776e-02 1.677742399054647088e-02
3.227325428599355644e-02 1.717480869121415163e-02
3.260152152504721540e-02 1.757776961386521217e-02
3.293234102974121336e-02 1.798647025773925795e-02
3.326571711275808085e-02 1.840107599487808207e-02
3.360165191474579621e-02 1.882175434536231123e-02
3.394014527009375781e-02 1.924867525352588066e-02
3.428119456156671768e-02 1.968201136694951170e-02
3.462479456246147363e-02 2.012193832001179031e-02
3.497093726485014237e-02 2.056863502383056430e-02
3.531961169231340875e-02 2.102228396444513064e-02
3.567080369540084894e-02 2.148307151117842193e-02
3.602449572784981874e-02 2.195118823719460072e-02
3.638066660136805158e-02 2.242682925441916858e-02
3.673929121647340201e-02 2.291019456508187890e-02
3.710034026658818457e-02 2.340148943237043908e-02
3.746377991219340675e-02 2.390092477288324052e-02
3.782957142137473999e-02 2.440871757377363963e-02
3.819767077261094351e-02 2.492509133785281855e-02
3.856802821498592909e-02 2.545027656016130707e-02
3.894058778032804397e-02 2.598451124000590237e-02
3.931528674086848946e-02 2.652804143282642274e-02
3.969205500505212925e-02 2.708112184687775162e-02
4.007081444280242294e-02 2.764401649013987702e-02
4.045147813045815721e-02 2.821699937410893089e-02
4.083394950325544559e-02 2.880035528102637896e-02
4.121812140173183869e-02 2.939438060289869398e-02
4.160387499568399955e-02 2.999938426139461128e-02
4.199107856629799573e-02 3.061568871901024919e-02
4.237958612345801845e-02 3.124363109346649930e-02
4.276923583064907997e-02 3.188356438889221323e-02
4.315984820446738812e-02 3.253585885952502837e-02
4.355122404884104875e-02 3.320090352385161869e-02
4.394314207564574415e-02 3.387910784984540791e-02
4.433535615283604875e-02 3.457090363509036229e-02
4.472759210794358814e-02 3.527674710912546974e-02
4.511954399802925453e-02 3.599712128941640055e-02
4.551086973586945111e-02 3.673253862700099487e-02
4.590118593484202730e-02 3.748354398292547129e-02
4.629006179976948021e-02 3.825071798215458341e-02
4.667701184519800622e-02 3.903468079735463586e-02
4.706148716263778425e-02 3.983609642043989263e-02
4.744286487910608779e-02 4.065567748420297750e-02
4.782043534374570692e-02 4.149419069803891164e-02
4.819338643748022344e-02 4.235246295842241826e-02
4.856078420826210468e-02 4.323138818172425624e-02
4.892154877019675580e-02 4.413193487473482390e-02
4.927442404011253552e-02 4.505515439610013190e-02
4.961793938143758964e-02 4.600218976151908973e-02
4.995036046194624435e-02 4.697428451339447086e-02
5.026962570935721020e-02 4.797279105923401427e-02
5.057326313294991521e-02 4.899917681807425263e-02
5.085828024697716665e-02 5.005502551084148322e-02
5.112101669743232546e-02 5.114202853707327384e-02
5.135694474746232280e-02 5.226195721225142948e-02
5.156039650592834228e-02 5.341659890036492414e-02
5.172418844238047680e-02 5.460762558252398730e-02
5.183910421792875534e-02 5.583633598372143847e-02
5.189319121966626952e-02 5.710316036446132226e-02
5.187084248387115182e-02 5.840671986418485839e-02
5.175172964192779890e-02 5.974206076496559048e-02
5.150997772970172806e-02 6.109743182911227949e-02
5.111488147418549732e-02 6.244882638354185000e-02
5.053640647579243916e-02 6.375244556772723115e-02
4.976056985426458718e-02 6.493996989074130033e-02
4.881357474798732332e-02 6.593107319398967825e-02
4.777005599663602248e-02 6.667311168262050891e-02
4.671817323268877969e-02 6.717393196997874238e-02
4.571589846460326345e-02 6.748446803450922071e-02
4.478469291387531664e-02 6.766068878794648245e-02
4.392526584309683346e-02 6.774551670117688607e-02
4.313056488091867452e-02 6.776798687991016090e-02
4.239187055447753844e-02 6.774711831062421585e-02
4.170099478240259921e-02 6.769543580007107708e-02
4.105087424737244306e-02 6.762134547445143584e-02
4.043559410232396012e-02 6.753061848967144287e-02
3.985024117797517085e-02 6.742730646385874937e-02
3.929072849303073822e-02 6.731431267427233356e-02
3.875363633925923285e-02 6.719375562522854339e-02
3.823608056930667687e-02 6.706720572620890330e-02
3.773560711421220654e-02 6.693584287757377294e-02
3.725010854835906354e-02 6.680056367367015469e-02
3.677775822662859156e-02 6.666205580840708911e-02
3.631695811698024134e-02 6.652085068424169745e-02
3.586629721592394376e-02 6.637736125339602222e-02
3.542451812674906469e-02 6.623190967474798518e-02
3.499048994277469821e-02 6.608474783391073137e-02
3.456318601385974937e-02 6.593607279057209225e-02
3.414166550509312864e-02 6.578603857617086603e-02
3.372505790488888183e-02 6.563476534031419118e-02
3.331254982519207125e-02 6.548234655899745627e-02
3.290337357479413555e-02 6.532885482380908215e-02
3.249679708927891847e-02 6.517434659867729629e-02
3.209211487670123042e-02 6.501886624006086857e-02
3.168863969291763061e-02 6.486244951546402127e-02
3.128569469894128957e-02 6.470512681582239745e-02
3.088260587805181576e-02 6.454692623489785563e-02
3.047869450465972782e-02 6.438787668056820956e-02
3.007326946152131739e-02 6.422801118793362851e-02
2.966561919755524371e-02 6.406737062297247765e-02
2.925500310557871755e-02 6.390600800031193129e-02
2.884064207784287071e-02 6.374399369358607625e-02
2.842170796751672043e-02 6.358142189846616166e-02
2.799731164680373252e-02 6.341841882689910892e-02
2.756648930937904279e-02 6.325515328166730900e-02
2.712818662140548467e-02 6.309185050579167731e-02
2.668124029324921154e-02 6.292881055543750324e-02
2.622435664731584751e-02 6.276643295785373777e-02
2.575608684538675808e-02 6.260525016087327421e-02
2.527479870806996140e-02 6.244597336270591575e-02
2.477864569849368148e-02 6.228955587408969291e-02
2.426553501623473705e-02 6.213728138703465687e-02
2.373309955045738856e-02 6.199088756897258579e-02
2.317868397246821560e-02 6.185273924251981359e-02
2.259936584809130178e-02 6.172606931755546256e-02
2.199205221548183875e-02 6.161530681256273401e-02
2.135372594706270305e-02 6.152650161943578472e-02
2.068196762285265389e-02 6.146781512254755747e-02
1.997593323506102747e-02 6.144993359051056925e-02
1.923795007589323980e-02 6.148602192819686146e-02
1.847559598971887720e-02 6.159048821496949239e-02
1.770327942380759897e-02 6.177575024573643547e-02
1.694127518624839041e-02 6.204732108342465857e-02
1.621081351349639918e-02 6.240007118288853905e-02
1.552752385915952618e-02 6.281933246536791637e-02
1.489805367502793770e-02 6.328644469995466093e-02
1.432142002230725117e-02 6.378427277655976391e-02
1.379242325407829643e-02 6.429974880573544049e-02
1.330447263066399967e-02 6.482391961339056818e-02
1.285112936309802667e-02 6.535101272397762784e-02
1.242671728358930167e-02 6.587744134176438948e-02
1.202645370082114015e-02 6.640104199031711396e-02
1.164638319457024854e-02 6.692055695287088546e-02
1.128325142152198333e-02 6.743530004806871925e-02
1.093437564859930933e-02 6.794494479560853062e-02
1.059753153628110144e-02 6.844939066850895537e-02
1.027086027817854068e-02 6.894867839395665832e-02
9.952794550942221583e-03 6.944293601592350929e-02
9.642000129717651080e-03 6.993234435273389116e-02
9.337329970864496551e-03 7.041711478533208002e-02
9.037788011383033129e-03 7.089747495849371695e-02
8.742500474369039112e-03 7.137365960641937901e-02
8.450692958002058858e-03 7.184590472375537717e-02
8.161671984449848580e-03 7.231444393480604416e-02
7.874809996346605889e-03 7.277950631320609376e-02
7.589533026002550677e-03 7.324131515982787444e-02
7.305310441693258980e-03 7.370008741190919865e-02
7.021646310034596397e-03 7.415603346411675512e-02
6.738072014282844337e-03 7.460935725329581603e-02
6.454139844009640185e-03 7.506025650556003015e-02
6.169417328037099177e-03 7.550892307558999816e-02
5.883482124573055638e-03 7.595554332854977109e-02
5.595917313405272819e-03 7.640029852841222213e-02
5.306306957356699341e-03 7.684336520475276711e-02
5.014231815604500674e-03 7.728491547468344103e-02
4.719265101237058932e-03 7.772511729830069993e-02
4.420968180208709880e-03 7.816413464541384359e-02
4.118886109335877579e-03 7.860212754826570447e-02
3.812542907022885112e-03 7.903925200974756815e-02
3.501436442202730294e-03 7.947565972846715177e-02
3.185032813969629513e-03 7.991149759061183522e-02
2.862760076017063088e-03 8.034690686268955440e-02
2.534001135378443834e-03 8.078202199739752121e-02
2.198085622719097437e-03 8.121696893506318016e-02
1.854280490033083807e-03 8.165186274192028082e-02
1.501779038758575520e-03 8.208680436967924487e-02
1.139688014649535954e-03 8.252187624154919132e-02
7.670123220156787377e-04 8.295713625867365271e-02
3.826368059908031791e-04 8.339260966355133142e-02
-1.469557561098482805e-05 8.382827797236279410e-02
-4.264100209379919054e-04 8.426406386496294865e-02
-8.541315963572704761e-04 8.469981045249773410e-02
-1.299723576372358719e-03 8.513525265738482173e-02
-1.765333748839004917e-03 8.556997743277112989e-02
-2.253450067883976376e-03 8.600336806007562174e-02
-2.766966799678407737e-03 8.643452556325406655e-02
-3.309261428924026912e-03 8.686215704378275060e-02
-3.884280359791467390e-03 8.728441606202491654e-02
-4.496626440671253055e-03 8.769867366502985540e-02
-5.151630885282383783e-03 8.810119027634615019e-02
-5.855371370315019808e-03 8.848664990958574061e-02
-6.614558930917170156e-03 8.884751500641477340e-02
-7.436148306976538003e-03 8.917317987698805681e-02
-8.326425749098411919e-03 8.944898452670582700e-02
-9.289232154063416236e-03 8.965537671251033736e-02
-1.032305060781874527e-02 8.976796241435035240e-02
-1.141730428411079357e-02 8.975974800777458684e-02
-1.254970172852288082e-02 8.960676672563097633e-02
-1.368787848758632950e-02 8.929609419691011962e-02
-1.479690745855254813e-02 8.883154134685872227e-02
-1.584883110281036511e-02 8.823214792685662999e-02
-1.682784316640615827e-02 8.752461177467121822e-02
-1.772932966636101698e-02 8.673551358922043653e-02
-1.855591647506856651e-02 8.588709099598025587e-02
-1.931373744281234331e-02 8.499629566761469912e-02
-2.001003962369601874e-02 8.407546297056740781e-02
-2.065195357002157228e-02 8.313339332928941505e-02
-2.124597651055100053e-02 8.217633278672982489e-02
-2.179782217943690079e-02 8.120872390872671542e-02
-2.231243689890603787e-02 8.023374267908311985e-02
-2.279408012139896508e-02 7.925367182379348951e-02
-2.324642196074164571e-02 7.827015822883748308e-02
-2.367263745910314424e-02 7.728439070349640838e-02
