9.919356403994127902e+01
2.646116007841899709e+00
1.409953856705648789e+01
-2.050080343908091129e-01
-7.444447677006015285e-01
-1.976964720940055154e+00
1.410279825936553155e-01
-4.131791744760872631e-01
4.051053439943136603e+00
-8.001760111616122995e-01
1.256704027433070365e+02
2.518592254473435688e+01
1.079170341857869531e+00
-2.456174574864031346e+00
-2.076043707545527184e+01
-5.909300611774581657e-02
-3.109674314095549175e+00
8.506016114770533321e+00
1.414750629878592569e+01
1.158852660750991426e+01
5.109818186747931179e+01
-1.964330756257503197e+00
4.045195810329716757e+00
6.659789916122259790e+00
-7.174608212130622054e-01
-1.491231283297350174e+01
-1.270045072870399849e+01
-1.308966869598716110e-01
5.369829816457130089e-01
-2.284055361262459005e+00
9.992123545214589342e+01
1.602594233243009314e-01
1.049273339578642439e+00
-4.353621199006409148e-02
-5.128446548949592287e-01
-7.469867284108177019e-01
-6.815542809253427592e-01
-1.433376641340652791e+00
3.592203449714091334e+00
1.148215744172195185e-01
9.978935444276235955e+01
-4.507576293321161054e-01
3.431375213798565360e-02
7.254678888887617916e-01
9.347880418896681309e-01
-2.045827540687718216e+00
-1.827269710164995331e+01
6.092401009865464623e+00
9.593060021444148600e-01
-6.461954398587090864e-01
9.532647241119796888e+01
1.161227566295658931e-01
9.332650674409773472e+00
1.632532721535614018e+00
1.688112101325655867e-01
-1.901059391557398115e-01
-7.953785809989045719e-01
-5.973272084048607961e-02
3.566751557710227949e-02
1.799942598394336235e-01
9.994868969229729316e+01
-2.659780745888901468e-02
-2.108461326644880673e-01
6.101786464694037848e-01
-4.836802337972748056e+00
-1.759547454208983908e+01
-5.327163196420084956e-01
9.751215358670023425e-01
8.992243327934474451e+00
-6.620871993779267606e-02
1.014559462120173094e+02
-5.050951843521866991e+00
3.900121934047065420e+00
5.165625003346104194e+00
-1.167991098529051364e+01
-5.816681290347024413e-01
9.930844567441076132e-01
1.332630166244060499e+00
-2.012633470465339525e-01
-4.332430517958472116e+00
9.715914522843726786e+01
