-2.411191601936479856e-08 -1.120607748816837557e-07
-1.237313374876976013e-01 -7.741100192070007324e-01
-2.060885727405548096e-01 -1.156315326690673828e+00
-2.643547356128692627e-01 -1.342814922332763672e+00
-3.088362812995910645e-01 -1.431465744972229004e+00
-3.455188870429992676e-01 -1.471053957939147949e+00
-3.778079748153686523e-01 -1.485898375511169434e+00
-4.076092839241027832e-01 -1.488128066062927246e+00
-4.359754025936126709e-01 -1.483763575553894043e+00
-4.634783864021301270e-01 -1.475810647010803223e+00
-4.904252886772155762e-01 -1.465767502784729004e+00
-5.169767737388610840e-01 -1.454382061958312988e+00
-5.432148575782775879e-01 -1.442028880119323730e+00
-5.691785812377929688e-01 -1.428896427154541016e+00
-5.948834419250488281e-01 -1.415085673332214355e+00
-6.203336119651794434e-01 -1.400645852088928223e+00
-6.455255150794982910e-01 -1.385602951049804688e+00
-6.704540848731994629e-01 -1.369974017143249512e+00
-6.951106786727905273e-01 -1.353768229484558105e+00
-7.194870710372924805e-01 -1.336997151374816895e+00
-7.435733675956726074e-01 -1.319667577743530273e+00
-7.673612236976623535e-01 -1.301787853240966797e+00
-7.908407449722290039e-01 -1.283364772796630859e+00
-8.140030503273010254e-01 -1.264405369758605957e+00
-8.368386626243591309e-01 -1.244918346405029297e+00
-8.593385219573974609e-01 -1.224910736083984375e+00
-8.814939260482788086e-01 -1.204391002655029297e+00
-9.032959342002868652e-01 -1.183366537094116211e+00
-9.247359633445739746e-01 -1.161847114562988281e+00
-9.458054304122924805e-01 -1.139839529991149902e+00
-9.664958715438842773e-01 -1.117354273796081543e+00
-9.867989420890808105e-01 -1.094399094581604004e+00
-1.006707191467285156e+00 -1.070983052253723145e+00
-1.026212573051452637e+00 -1.047116398811340332e+00
-1.045306086540222168e+00 -1.022808313369750977e+00
-1.063981652259826660e+00 -9.980676770210266113e-01
-1.082231402397155762e+00 -9.729054570198059082e-01
-1.100047230720520020e+00 -9.473310112953186035e-01
-1.117423415184020996e+00 -9.213542938232421875e-01
-1.134352326393127441e+00 -8.949864506721496582e-01
-1.150826930999755859e+00 -8.682391047477722168e-01
-1.166841030120849609e+00 -8.411204218864440918e-01
-1.182388424873352051e+00 -8.136420249938964844e-01
-1.197462320327758789e+00 -7.858155369758605957e-01
-1.212056994438171387e+00 -7.576507329940795898e-01
-1.226168274879455566e+00 -7.291601300239562988e-01
-1.239786982536315918e+00 -7.003538608551025391e-01
-1.252910375595092773e+00 -6.712439060211181641e-01
-1.265532255172729492e+00 -6.418422460556030273e-01
-1.277648091316223145e+00 -6.121596693992614746e-01
-1.289252877235412598e+00 -5.822091102600097656e-01
-1.300341844558715820e+00 -5.520015954971313477e-01
-1.310910344123840332e+00 -5.215497612953186035e-01
-1.320954322814941406e+00 -4.908654093742370605e-01
-1.330470561981201172e+00 -4.599610269069671631e-01
-1.339453577995300293e+00 -4.288483560085296631e-01
-1.347901344299316406e+00 -3.975405693054199219e-01
-1.355809688568115234e+00 -3.660496175289154053e-01
-1.363174915313720703e+00 -3.343879878520965576e-01
-1.369995713233947754e+00 -3.025684952735900879e-01
-1.376267552375793457e+00 -2.706037461757659912e-01
-1.381989479064941406e+00 -2.385068982839584351e-01
-1.387158036231994629e+00 -2.062900811433792114e-01
-1.391771435737609863e+00 -1.739664673805236816e-01
-1.395827889442443848e+00 -1.415490061044692993e-01
-1.399326086044311523e+00 -1.090505272150039673e-01
-1.402263879776000977e+00 -7.648388296365737915e-02
-1.404640793800354004e+00 -4.386216029524803162e-02
-1.406455516815185547e+00 -1.119833718985319138e-02
-1.407707333564758301e+00 2.149464003741741180e-02
-1.408397793769836426e+00 5.420367419719696045e-02
-1.408529639244079590e+00 8.691576868295669556e-02
-1.408099770545959473e+00 1.196179464459419250e-01
-1.407106041908264160e+00 1.522969305515289307e-01
-1.405550599098205566e+00 1.849399209022521973e-01
-1.403435826301574707e+00 2.175338864326477051e-01
-1.400758028030395508e+00 2.500657439231872559e-01
-1.397519588470458984e+00 2.825225591659545898e-01
-1.393721699714660645e+00 3.148915171623229980e-01
-1.389365315437316895e+00 3.471595942974090576e-01
-1.384452104568481445e+00 3.793139457702636719e-01
-1.378984808921813965e+00 4.113416969776153564e-01
-1.372963666915893555e+00 4.432303011417388916e-01
-1.366394281387329102e+00 4.749669432640075684e-01
-1.359282732009887695e+00 5.065388679504394531e-01
-1.351627588272094727e+00 5.379336476325988770e-01
-1.343435525894165039e+00 5.691388249397277832e-01
-1.334705352783203125e+00 6.001419425010681152e-01
-1.325438499450683594e+00 6.309301257133483887e-01
-1.315643906593322754e+00 6.614916920661926270e-01
-1.305322408676147461e+00 6.918145418167114258e-01
-1.294477224349975586e+00 7.218862175941467285e-01
-1.283111810684204102e+00 7.516949176788330078e-01
-1.271231174468994141e+00 7.812288403511047363e-01
-1.258840203285217285e+00 8.104760050773620605e-01
-1.245942950248718262e+00 8.394249081611633301e-01
-1.232545733451843262e+00 8.680640459060668945e-01
-1.218652606010437012e+00 8.963817358016967773e-01
-1.204269886016845703e+00 9.243672490119934082e-01
-1.189402461051940918e+00 9.520087838172912598e-01
-1.174056768417358398e+00 9.792960882186889648e-01
-1.158238768577575684e+00 1.006217956542968750e+00
-1.141955375671386719e+00 1.032763004302978516e+00
-1.125211715698242188e+00 1.058922052383422852e+00
-1.108015537261962891e+00 1.084683537483215332e+00
-1.090373873710632324e+00 1.110038876533508301e+00
-1.072292447090148926e+00 1.134976029396057129e+00
-1.053779006004333496e+00 1.159485816955566406e+00
-1.034841299057006836e+00 1.183558106422424316e+00
-1.015486598014831543e+00 1.207184553146362305e+00
-9.957226514816284180e-01 1.230353713035583496e+00
-9.755572676658630371e-01 1.253058433532714844e+00
-9.549983143806457520e-01 1.275288581848144531e+00
-9.340541362762451172e-01 1.297035098075866699e+00
-9.127327203750610352e-01 1.318290352821350098e+00
-8.910430073738098145e-01 1.339044928550720215e+00
-8.689936399459838867e-01 1.359290957450866699e+00
-8.465930223464965820e-01 1.379019618034362793e+00
-8.238508105278015137e-01 1.398224711418151855e+00
-8.007755875587463379e-01 1.416897654533386230e+00
-7.773763537406921387e-01 1.435030937194824219e+00
-7.536619901657104492e-01 1.452617287635803223e+00
-7.296426892280578613e-01 1.469649910926818848e+00
-7.053278684616088867e-01 1.486121416091918945e+00
-6.807277798652648926e-01 1.502027034759521484e+00
-6.558517813682556152e-01 1.517358779907226562e+00
-6.307101845741271973e-01 1.532110929489135742e+00
-6.053122282028198242e-01 1.546281695365905762e+00
-5.796685218811035156e-01 1.559864759445190430e+00
-5.537894368171691895e-01 1.572856068611145020e+00
-5.276855230331420898e-01 1.585246801376342773e+00
-5.013670325279235840e-01 1.597030878067016602e+00
-4.748442173004150391e-01 1.608204483985900879e+00
-4.481280744075775146e-01 1.618763327598571777e+00
-4.212293028831481934e-01 1.628701806068420410e+00
-3.941582739353179932e-01 1.638018727302551270e+00
-3.669261038303375244e-01 1.646715283393859863e+00
-3.395437598228454590e-01 1.654782533645629883e+00
-3.120218813419342041e-01 1.662217259407043457e+00
-2.843719124794006348e-01 1.669014573097229004e+00
-2.566047310829162598e-01 1.675173640251159668e+00
-2.287310808897018433e-01 1.680690765380859375e+00
-2.007625102996826172e-01 1.685564517974853516e+00
-1.727102100849151611e-01 1.689791679382324219e+00
-1.445852667093276978e-01 1.693372130393981934e+00
-1.163989603519439697e-01 1.696303367614746094e+00
-8.816259354352951050e-02 1.698583245277404785e+00
-5.988752469420433044e-02 1.700213074684143066e+00
-3.158501535654067993e-02 1.701190948486328125e+00
-3.266412299126386642e-03 1.701516628265380859e+00
2.505690418183803558e-02 1.701189517974853516e+00
5.337363108992576599e-02 1.700210332870483398e+00
8.167237788438796997e-02 1.698579788208007812e+00
1.099418401718139648e-01 1.696298003196716309e+00
1.381707191467285156e-01 1.693371057510375977e+00
1.663477122783660889e-01 1.689793467521667480e+00
1.944614350795745850e-01 1.685568451881408691e+00
2.225008457899093628e-01 1.680696964263916016e+00
2.504543662071228027e-01 1.675181627273559570e+00
2.783111631870269775e-01 1.669023752212524414e+00
3.060600757598876953e-01 1.662226438522338867e+00
3.336897194385528564e-01 1.654792547225952148e+00
3.611892461776733398e-01 1.646725296974182129e+00
3.885475993156433105e-01 1.638026237487792969e+00
4.157540798187255859e-01 1.628700256347656250e+00
4.427974224090576172e-01 1.618750929832458496e+00
4.696669578552246094e-01 1.608182668685913086e+00
4.963518977165222168e-01 1.596997737884521484e+00
5.228418111801147461e-01 1.585205435752868652e+00
5.491254925727844238e-01 1.572809219360351562e+00
5.751932263374328613e-01 1.559812068939208984e+00
6.010336875915527344e-01 1.546218395233154297e+00
6.266375184059143066e-01 1.532033205032348633e+00
6.519948840141296387e-01 1.517265796661376953e+00
6.770942807197570801e-01 1.501920461654663086e+00
7.019264101982116699e-01 1.486002087593078613e+00
7.264816761016845703e-01 1.469516158103942871e+00
7.507494688034057617e-01 1.452474832534790039e+00
7.747203111648559570e-01 1.434879541397094727e+00
7.983849048614501953e-01 1.416736841201782227e+00
8.217350244522094727e-01 1.398054957389831543e+00
8.447596430778503418e-01 1.378840327262878418e+00
8.674496412277221680e-01 1.359100103378295898e+00
8.897967338562011719e-01 1.338842749595642090e+00
9.117915034294128418e-01 1.318076610565185547e+00
9.334247708320617676e-01 1.296810269355773926e+00
9.546887278556823730e-01 1.275052070617675781e+00
9.755736589431762695e-01 1.252810239791870117e+00
9.960724711418151855e-01 1.230093836784362793e+00
1.016176819801330566e+00 1.206912279129028320e+00
1.035878181457519531e+00 1.183273434638977051e+00
1.055169224739074707e+00 1.159187436103820801e+00
1.074042320251464844e+00 1.134664535522460938e+00
1.092489600181579590e+00 1.109713792800903320e+00
1.110503673553466797e+00 1.084344863891601562e+00
1.128077864646911621e+00 1.058568716049194336e+00
1.145204782485961914e+00 1.032394528388977051e+00
1.161877870559692383e+00 1.005833506584167480e+00
1.178090691566467285e+00 9.788957238197326660e-01
1.193836331367492676e+00 9.515920281410217285e-01
1.209108829498291016e+00 9.239339828491210938e-01
1.223902702331542969e+00 8.959319591522216797e-01
1.238210558891296387e+00 8.675971031188964844e-01
1.252028465270996094e+00 8.389409184455871582e-01
1.265350222587585449e+00 8.099746108055114746e-01
1.278170347213745117e+00 7.807102203369140625e-01
1.290483355522155762e+00 7.511584758758544922e-01
1.302285790443420410e+00 7.213321328163146973e-01
1.313572287559509277e+00 6.912423968315124512e-01
1.324337959289550781e+00 6.609014868736267090e-01
1.334579706192016602e+00 6.303217411041259766e-01
1.344294905662536621e+00 5.995150208473205566e-01
1.353477478027343750e+00 5.684939622879028320e-01
1.362124323844909668e+00 5.372702479362487793e-01
1.370233535766601562e+00 5.058569908142089844e-01
1.377801537513732910e+00 4.742667078971862793e-01
1.384827852249145508e+00 4.425115585327148438e-01
1.391308307647705078e+00 4.106046259403228760e-01
1.397238492965698242e+00 3.785582780838012695e-01
1.402615070343017578e+00 3.463855981826782227e-01
1.407436251640319824e+00 3.140991628170013428e-01
1.411701560020446777e+00 2.817120552062988281e-01
1.415408015251159668e+00 2.492371499538421631e-01
1.418554663658142090e+00 2.166872620582580566e-01
1.421139478683471680e+00 1.840754598379135132e-01
1.423170447349548340e+00 1.514148116111755371e-01
1.424642086029052734e+00 1.187182813882827759e-01
1.425549864768981934e+00 8.599887043237686157e-02
1.425895929336547852e+00 5.326964333653450012e-02
1.425680875778198242e+00 2.054374292492866516e-02
1.424903392791748047e+00 -1.216583885252475739e-02
1.423563957214355469e+00 -4.484603181481361389e-02
1.421661853790283203e+00 -7.748395204544067383e-02
1.419198393821716309e+00 -1.100662797689437866e-01
1.416174173355102539e+00 -1.425800919532775879e-01
1.412589550018310547e+00 -1.750129014253616333e-01
1.408447027206420898e+00 -2.073512077331542969e-01
1.403747797012329102e+00 -2.395823597908020020e-01
1.398493766784667969e+00 -2.716932296752929688e-01
1.392687082290649414e+00 -3.036714792251586914e-01
1.386329889297485352e+00 -3.355041146278381348e-01
1.379424810409545898e+00 -3.671784698963165283e-01
1.371975302696228027e+00 -3.986814916133880615e-01
1.363983273506164551e+00 -4.300011694431304932e-01
1.355453014373779297e+00 -4.611251056194305420e-01
1.346387624740600586e+00 -4.920403361320495605e-01
1.336790084838867188e+00 -5.227350592613220215e-01
1.326664447784423828e+00 -5.531968474388122559e-01
1.316015481948852539e+00 -5.834131836891174316e-01
1.304846644401550293e+00 -6.133728027343750000e-01
1.293163299560546875e+00 -6.430632472038269043e-01
1.280968666076660156e+00 -6.724725365638732910e-01
1.268269777297973633e+00 -7.015888094902038574e-01
1.255068898200988770e+00 -7.304013371467590332e-01
1.241374135017395020e+00 -7.588979601860046387e-01
1.227188706398010254e+00 -7.870676517486572266e-01
1.212518930435180664e+00 -8.148990869522094727e-01
1.197372198104858398e+00 -8.423808813095092773e-01
1.181752562522888184e+00 -8.695024847984313965e-01
1.165667176246643066e+00 -8.962529301643371582e-01
1.149121761322021484e+00 -9.226217865943908691e-01
1.132123827934265137e+00 -9.485979676246643066e-01
1.114679813385009766e+00 -9.741714596748352051e-01
1.096796393394470215e+00 -9.993321895599365234e-01
1.078480720520019531e+00 -1.024070024490356445e+00
1.059740424156188965e+00 -1.048375368118286133e+00
1.040582537651062012e+00 -1.072238087654113770e+00
1.021015048027038574e+00 -1.095649361610412598e+00
1.001045584678649902e+00 -1.118598937988281250e+00
9.806820750236511230e-01 -1.141076922416687012e+00
9.599328041076660156e-01 -1.163075923919677734e+00
9.388058781623840332e-01 -1.184586405754089355e+00
9.173097610473632812e-01 -1.205597639083862305e+00
8.954526185989379883e-01 -1.226104140281677246e+00
8.732436895370483398e-01 -1.246096849441528320e+00
8.506914973258972168e-01 -1.265569210052490234e+00
8.278049826622009277e-01 -1.284512519836425781e+00
8.045936822891235352e-01 -1.302919745445251465e+00
7.810661792755126953e-01 -1.320783019065856934e+00
7.572323083877563477e-01 -1.338095188140869141e+00
7.331011891365051270e-01 -1.354849815368652344e+00
7.086828351020812988e-01 -1.371043562889099121e+00
6.839864850044250488e-01 -1.386667966842651367e+00
6.590217351913452148e-01 -1.401714444160461426e+00
6.337995529174804688e-01 -1.416179418563842773e+00
6.083288788795471191e-01 -1.430056810379028320e+00
5.826206207275390625e-01 -1.443340182304382324e+00
5.566843748092651367e-01 -1.456025004386901855e+00
5.305306911468505859e-01 -1.468104362487792969e+00
5.041700601577758789e-01 -1.479573965072631836e+00
4.776126742362976074e-01 -1.490430951118469238e+00
4.508693814277648926e-01 -1.500669479370117188e+00
4.239506125450134277e-01 -1.510286331176757812e+00
3.968669474124908447e-01 -1.519277334213256836e+00
3.696292936801910400e-01 -1.527638316154479980e+00
3.422484397888183594e-01 -1.535366654396057129e+00
3.147352933883666992e-01 -1.542459726333618164e+00
2.871005833148956299e-01 -1.548914074897766113e+00
2.593555748462677002e-01 -1.554726243019104004e+00
2.315110415220260620e-01 -1.559896349906921387e+00
2.035781294107437134e-01 -1.564421176910400391e+00
1.755678355693817139e-01 -1.568298935890197754e+00
1.474913805723190308e-01 -1.571527123451232910e+00
1.193597912788391113e-01 -1.574106574058532715e+00
9.118432551622390747e-02 -1.576034903526306152e+00
6.297612190246582031e-02 -1.577310800552368164e+00
3.474636375904083252e-02 -1.577935695648193359e+00
6.506250705569982529e-03 -1.577907443046569824e+00
-2.173297293484210968e-02 -1.577227711677551270e+00
-4.996019974350929260e-02 -1.575894951820373535e+00
-7.816410064697265625e-02 -1.573910951614379883e+00
-1.063335835933685303e-01 -1.571276187896728516e+00
-1.344574391841888428e-01 -1.567992091178894043e+00
-1.625245809555053711e-01 -1.564059853553771973e+00
-1.905237287282943726e-01 -1.559480547904968262e+00
-2.184439748525619507e-01 -1.554255366325378418e+00
-2.462740093469619751e-01 -1.548388838768005371e+00
-2.740029692649841309e-01 -1.541883468627929688e+00
-3.016196489334106445e-01 -1.534739613533020020e+00
-3.291133046150207520e-01 -1.526961445808410645e+00
-3.564729392528533936e-01 -1.518550872802734375e+00
-3.836875557899475098e-01 -1.509516119956970215e+00
-4.107468128204345703e-01 -1.499866127967834473e+00
-4.376394450664520264e-01 -1.489596247673034668e+00
-4.643549621105194092e-01 -1.478709101676940918e+00
-4.908828735351562500e-01 -1.467208743095397949e+00
-5.172122716903686523e-01 -1.455099582672119141e+00
-5.433332920074462891e-01 -1.442387342453002930e+00
-5.692352652549743652e-01 -1.429077148437500000e+00
-5.949076414108276367e-01 -1.415178418159484863e+00
-6.203412413597106934e-01 -1.400694966316223145e+00
-6.455244421958923340e-01 -1.385630846023559570e+00
-6.704483628273010254e-01 -1.369991302490234375e+00
-6.951026916503906250e-01 -1.353780746459960938e+00
-7.194778919219970703e-01 -1.337007403373718262e+00
-7.435638904571533203e-01 -1.319676518440246582e+00
-7.673516273498535156e-01 -1.301796436309814453e+00
-7.908311486244201660e-01 -1.283373117446899414e+00
-8.139931559562683105e-01 -1.264414072036743164e+00
-8.368291854858398438e-01 -1.244926452636718750e+00
-8.593291640281677246e-01 -1.224919557571411133e+00
-8.814843297004699707e-01 -1.204399704933166504e+00
-9.032867550849914551e-01 -1.183375835418701172e+00
-9.247270226478576660e-01 -1.161856293678283691e+00
-9.457964897155761719e-01 -1.139849424362182617e+00
-9.664871096611022949e-01 -1.117364287376403809e+00
-9.867907762527465820e-01 -1.094408869743347168e+00
-1.006698489189147949e+00 -1.070993065834045410e+00
-1.026204109191894531e+00 -1.047126889228820801e+00
-1.045297980308532715e+00 -1.022818803787231445e+00
-1.063973784446716309e+00 -9.980784058570861816e-01
-1.082223296165466309e+00 -9.729159474372863770e-01
-1.100039601325988770e+00 -9.473420381546020508e-01
-1.117416381835937500e+00 -9.213653802871704102e-01
-1.134345054626464844e+00 -8.949979543685913086e-01
-1.150820136070251465e+00 -8.682501316070556641e-01
-1.166834354400634766e+00 -8.411318063735961914e-01
-1.182381749153137207e+00 -8.136541843414306641e-01
-1.197456002235412598e+00 -7.858273983001708984e-01
-1.212050676345825195e+00 -7.576628923416137695e-01
-1.226162075996398926e+00 -7.291724085807800293e-01
-1.239781260490417480e+00 -7.003663778305053711e-01
-1.252904534339904785e+00 -6.712565422058105469e-01
-1.265527009963989258e+00 -6.418550610542297363e-01
-1.277643084526062012e+00 -6.121727824211120605e-01
-1.289248108863830566e+00 -5.822219848632812500e-01
-1.300337076187133789e+00 -5.520146489143371582e-01
-1.310906052589416504e+00 -5.215628743171691895e-01
-1.320949912071228027e+00 -4.908786416053771973e-01
-1.330466389656066895e+00 -4.599742889404296875e-01
-1.339449763298034668e+00 -4.288618266582489014e-01
-1.347897648811340332e+00 -3.975540101528167725e-01
-1.355806350708007812e+00 -3.660629689693450928e-01
-1.363172054290771484e+00 -3.344016671180725098e-01
-1.369992971420288086e+00 -3.025821745395660400e-01
-1.376265287399291992e+00 -2.706176340579986572e-01
-1.381986618041992188e+00 -2.385206967592239380e-01
-1.387155652046203613e+00 -2.063039392232894897e-01
-1.391769528388977051e+00 -1.739803701639175415e-01
-1.395826339721679688e+00 -1.415629982948303223e-01
-1.399324655532836914e+00 -1.090645492076873779e-01
-1.402262687683105469e+00 -7.649799436330795288e-02
-1.404640197753906250e+00 -4.387623071670532227e-02
-1.406454920768737793e+00 -1.121235731989145279e-02
-1.407706975936889648e+00 2.148058637976646423e-02
-1.408397316932678223e+00 5.418957769870758057e-02
-1.408529639244079590e+00 8.690167963504791260e-02
-1.408099889755249023e+00 1.196038722991943359e-01
-1.407106518745422363e+00 1.522829085588455200e-01
-1.405551314353942871e+00 1.849258840084075928e-01
-1.403436779975891113e+00 2.175198495388031006e-01
-1.400759458541870117e+00 2.500517070293426514e-01
-1.397521257400512695e+00 2.825086414813995361e-01
-1.393723368644714355e+00 3.148775994777679443e-01
-1.389367461204528809e+00 3.471457362174987793e-01
-1.384454250335693359e+00 3.793002068996429443e-01
-1.378986835479736328e+00 4.113278985023498535e-01
-1.372966885566711426e+00 4.432166218757629395e-01
-1.366397380828857422e+00 4.749532938003540039e-01
-1.359285950660705566e+00 5.065253973007202148e-01
-1.351631402969360352e+00 5.379202365875244141e-01
-1.343439340591430664e+00 5.691254138946533203e-01
-1.334708809852600098e+00 6.001284718513488770e-01
-1.325442671775817871e+00 6.309170126914978027e-01
-1.315648198127746582e+00 6.614785790443420410e-01
-1.305327296257019043e+00 6.918016076087951660e-01
-1.294482111930847168e+00 7.218733429908752441e-01
-1.283116817474365234e+00 7.516819834709167480e-01
-1.271236538887023926e+00 7.812162637710571289e-01
-1.258845567703247070e+00 8.104633688926696777e-01
-1.245949029922485352e+00 8.394125103950500488e-01
-1.232551574707031250e+00 8.680516481399536133e-01
-1.218658566474914551e+00 8.963696956634521484e-01
-1.204275846481323242e+00 9.243550896644592285e-01
-1.189408779144287109e+00 9.519972801208496094e-01
-1.174063324928283691e+00 9.792843461036682129e-01
-1.158245921134948730e+00 1.006206035614013672e+00
-1.141962289810180664e+00 1.032751798629760742e+00
-1.125219225883483887e+00 1.058910965919494629e+00
-1.108023285865783691e+00 1.084672927856445312e+00
-1.090381264686584473e+00 1.110027909278869629e+00
-1.072300076484680176e+00 1.134965538978576660e+00
-1.053786873817443848e+00 1.159475564956665039e+00
-1.034849643707275391e+00 1.183547854423522949e+00
-1.015494704246520996e+00 1.207174658775329590e+00
-9.957311153411865234e-01 1.230344057083129883e+00
-9.755659699440002441e-01 1.253048777580261230e+00
-9.550068378448486328e-01 1.275279283523559570e+00
-9.340632557868957520e-01 1.297025680541992188e+00
-9.127421379089355469e-01 1.318281412124633789e+00
-8.910524249076843262e-01 1.339035511016845703e+00
-8.690029978752136230e-01 1.359281778335571289e+00
-8.466029763221740723e-01 1.379011631011962891e+00
-8.238605856895446777e-01 1.398216485977172852e+00
-8.007855415344238281e-01 1.416889667510986328e+00
-7.773863077163696289e-01 1.435023427009582520e+00
-7.536725401878356934e-01 1.452609658241271973e+00
-7.296530008316040039e-01 1.469642519950866699e+00
-7.053383588790893555e-01 1.486114621162414551e+00
-6.807382702827453613e-01 1.502020359039306641e+00
-6.558625102043151855e-01 1.517351984977722168e+00
-6.307208538055419922e-01 1.532104492187500000e+00
-6.053229570388793945e-01 1.546275496482849121e+00
-5.796796083450317383e-01 1.559859395027160645e+00
-5.538007020950317383e-01 1.572850465774536133e+00
-5.276967883110046387e-01 1.585241556167602539e+00
-5.013782382011413574e-01 1.597026228904724121e+00
-4.748558104038238525e-01 1.608200192451477051e+00
-4.481397569179534912e-01 1.618758440017700195e+00
-4.212408363819122314e-01 1.628697752952575684e+00
-3.941699266433715820e-01 1.638014674186706543e+00
-3.669378757476806641e-01 1.646711826324462891e+00
-3.395555615425109863e-01 1.654779553413391113e+00
-3.120337426662445068e-01 1.662214040756225586e+00
-2.843838930130004883e-01 1.669012069702148438e+00
-2.566166818141937256e-01 1.675171136856079102e+00
-2.287431508302688599e-01 1.680688261985778809e+00
-2.007746249437332153e-01 1.685562610626220703e+00
-1.727223098278045654e-01 1.689790368080139160e+00
-1.445973664522171021e-01 1.693371295928955078e+00
-1.164110898971557617e-01 1.696302294731140137e+00
-8.817474544048309326e-02 1.698582172393798828e+00
-5.989969894289970398e-02 1.700212836265563965e+00
-3.159720823168754578e-02 1.701190352439880371e+00
-3.278605407103896141e-03 1.701516509056091309e+00
2.504472434520721436e-02 1.701189875602722168e+00
5.336141958832740784e-02 1.700211167335510254e+00
8.166018873453140259e-02 1.698580265045166016e+00
1.099296733736991882e-01 1.696299314498901367e+00
1.381585896015167236e-01 1.693372368812561035e+00
1.663355827331542969e-01 1.689795136451721191e+00
1.944493800401687622e-01 1.685570359230041504e+00
2.224887609481811523e-01 1.680699229240417480e+00
2.504423558712005615e-01 1.675184249877929688e+00
2.782992124557495117e-01 1.669026494026184082e+00
3.060480356216430664e-01 1.662229657173156738e+00
3.336777985095977783e-01 1.654796481132507324e+00
3.611774742603302002e-01 1.646728873252868652e+00
3.885360360145568848e-01 1.638029694557189941e+00
4.157423675060272217e-01 1.628704071044921875e+00
4.427857100963592529e-01 1.618755698204040527e+00
4.696554839611053467e-01 1.608187317848205566e+00
4.963404238224029541e-01 1.597002744674682617e+00
5.228303074836730957e-01 1.585210680961608887e+00
5.491142868995666504e-01 1.572814583778381348e+00
5.751820802688598633e-01 1.559817671775817871e+00
6.010227203369140625e-01 1.546224117279052734e+00
6.266267299652099609e-01 1.532039046287536621e+00
6.519839167594909668e-01 1.517272114753723145e+00
6.770837306976318359e-01 1.501927375793457031e+00
7.019158601760864258e-01 1.486009001731872559e+00
7.264704704284667969e-01 1.469523549079895020e+00
7.507387995719909668e-01 1.452482104301452637e+00
7.747099399566650391e-01 1.434887051582336426e+00
7.983750700950622559e-01 1.416745305061340332e+00
8.217250704765319824e-01 1.398062586784362793e+00
8.447497487068176270e-01 1.378848075866699219e+00
8.674402236938476562e-01 1.359108686447143555e+00
8.897871971130371094e-01 1.338851809501647949e+00
9.117822051048278809e-01 1.318085551261901855e+00
9.334154725074768066e-01 1.296819686889648438e+00
9.546798467636108398e-01 1.275061607360839844e+00
9.755647778511047363e-01 1.252819895744323730e+00
9.960635900497436523e-01 1.230103611946105957e+00
1.016168236732482910e+00 1.206922292709350586e+00
1.035869717597961426e+00 1.183283567428588867e+00
1.055160880088806152e+00 1.159198403358459473e+00
1.074034333229064941e+00 1.134675145149230957e+00
1.092481732368469238e+00 1.109724521636962891e+00
1.110495686531066895e+00 1.084356069564819336e+00
1.128070235252380371e+00 1.058579683303833008e+00
1.145197749137878418e+00 1.032405972480773926e+00
1.161870837211608887e+00 1.005845069885253906e+00
1.178083777427673340e+00 9.789072871208190918e-01
1.193829894065856934e+00 9.516042470932006836e-01
1.209102272987365723e+00 9.239462018013000488e-01
1.223896026611328125e+00 8.959439992904663086e-01
1.238204360008239746e+00 8.676095604896545410e-01
1.252022743225097656e+00 8.389534950256347656e-01
1.265344262123107910e+00 8.099872469902038574e-01
1.278164625167846680e+00 7.807229161262512207e-01
1.290478467941284180e+00 7.511715888977050781e-01
1.302281498908996582e+00 7.213451266288757324e-01
1.313567280769348145e+00 6.912556290626525879e-01
1.324333310127258301e+00 6.609150171279907227e-01
1.334575057029724121e+00 6.303351521492004395e-01
1.344290733337402344e+00 5.995286703109741211e-01
1.353473544120788574e+00 5.685075521469116211e-01
1.362120509147644043e+00 5.372840166091918945e-01
1.370230555534362793e+00 5.058708786964416504e-01
1.377798199653625488e+00 4.742805361747741699e-01
1.384825229644775391e+00 4.425256550312042236e-01
1.391305804252624512e+00 4.106187224388122559e-01
1.397235751152038574e+00 3.785724043846130371e-01
1.402612805366516113e+00 3.463997542858123779e-01
1.407434701919555664e+00 3.141133785247802734e-01
1.411699771881103516e+00 2.817263603210449219e-01
1.415406465530395508e+00 2.492513805627822876e-01
1.418553471565246582e+00 2.167015671730041504e-01
1.421138644218444824e+00 1.840898543596267700e-01
1.423169851303100586e+00 1.514291614294052124e-01
1.424641728401184082e+00 1.187326386570930481e-01
1.425549626350402832e+00 8.601327985525131226e-02
1.425895810127258301e+00 5.328404903411865234e-02
1.425680637359619141e+00 2.055812440812587738e-02
1.424903750419616699e+00 -1.215146854519844055e-02
1.423564791679382324e+00 -4.483170434832572937e-02
1.421662688255310059e+00 -7.746955007314682007e-02
1.419199228286743164e+00 -1.100519672036170959e-01
1.416175484657287598e+00 -1.425659209489822388e-01
1.412591218948364258e+00 -1.749986559152603149e-01
1.408448815345764160e+00 -2.073369175195693970e-01
1.403749942779541016e+00 -2.395681142807006836e-01
1.398496508598327637e+00 -2.716791629791259766e-01
1.392689585685729980e+00 -3.036575615406036377e-01
1.386332511901855469e+00 -3.354901075363159180e-01
1.379427671432495117e+00 -3.671644926071166992e-01
1.371978759765625000e+00 -3.986679613590240479e-01
1.363986968994140625e+00 -4.299875795841217041e-01
1.355457067489624023e+00 -4.611115157604217529e-01
1.346391677856445312e+00 -4.920271337032318115e-01
1.336794376373291016e+00 -5.227215886116027832e-01
1.326668620109558105e+00 -5.531834959983825684e-01
1.316020607948303223e+00 -5.834001302719116211e-01
1.304851770401000977e+00 -6.133595108985900879e-01
1.293168544769287109e+00 -6.430500745773315430e-01
1.280974030494689941e+00 -6.724596619606018066e-01
1.268275380134582520e+00 -7.015762329101562500e-01
1.255074858665466309e+00 -7.303888797760009766e-01
1.241380095481872559e+00 -7.588858604431152344e-01
1.227195501327514648e+00 -7.870559096336364746e-01
1.212525725364685059e+00 -8.148871660232543945e-01
1.197378635406494141e+00 -8.423691391944885254e-01
1.181759715080261230e+00 -8.694910407066345215e-01
1.165674090385437012e+00 -8.962413668632507324e-01
1.149129033088684082e+00 -9.226105213165283203e-01
1.132131218910217285e+00 -9.485866427421569824e-01
1.114687204360961914e+00 -9.741602540016174316e-01
1.096804141998291016e+00 -9.993216991424560547e-01
1.078488707542419434e+00 -1.024059534072875977e+00
1.059748291969299316e+00 -1.048365116119384766e+00
1.040590763092041016e+00 -1.072228193283081055e+00
1.021023631095886230e+00 -1.095638871192932129e+00
1.001054167747497559e+00 -1.118589043617248535e+00
9.806908369064331055e-01 -1.141067504882812500e+00
9.599421024322509766e-01 -1.163066983222961426e+00
9.388151168823242188e-01 -1.184577226638793945e+00
9.173192977905273438e-01 -1.205588817596435547e+00
8.954622745513916016e-01 -1.226095199584960938e+00
8.732532262802124023e-01 -1.246088743209838867e+00
8.507012128829956055e-01 -1.265561103820800781e+00
8.278148770332336426e-01 -1.284504413604736328e+00
8.046036958694458008e-01 -1.302911877632141113e+00
7.810765504837036133e-01 -1.320775151252746582e+00
7.572425603866577148e-01 -1.338087916374206543e+00
7.331113219261169434e-01 -1.354842424392700195e+00
7.086935043334960938e-01 -1.371036767959594727e+00
6.839970350265502930e-01 -1.386661171913146973e+00
6.590327620506286621e-01 -1.401708006858825684e+00
6.338104009628295898e-01 -1.416173458099365234e+00
6.083403229713439941e-01 -1.430051326751708984e+00
5.826318860054016113e-01 -1.443335056304931641e+00
5.566956996917724609e-01 -1.456019163131713867e+00
5.305420756340026855e-01 -1.468098640441894531e+00
5.041816830635070801e-01 -1.479568839073181152e+00
4.776243567466735840e-01 -1.490425825119018555e+00
4.508811235427856445e-01 -1.500665187835693359e+00
4.239623844623565674e-01 -1.510282516479492188e+00
3.968787491321563721e-01 -1.519273638725280762e+00
3.696412444114685059e-01 -1.527634859085083008e+00
3.422603309154510498e-01 -1.535363674163818359e+00
3.147473037242889404e-01 -1.542457103729248047e+00
2.871127724647521973e-01 -1.548910856246948242e+00
2.593676447868347168e-01 -1.554724097251892090e+00
2.315232157707214355e-01 -1.559894084930419922e+00
2.035903185606002808e-01 -1.564419746398925781e+00
1.755800694227218628e-01 -1.568297386169433594e+00
1.475037038326263428e-01 -1.571526050567626953e+00
1.193720549345016479e-01 -1.574105739593505859e+00
9.119662642478942871e-02 -1.576034069061279297e+00
6.298843026161193848e-02 -1.577310204505920410e+00
3.475868701934814453e-02 -1.577935099601745605e+00
6.518571637570858002e-03 -1.577907443046569824e+00
-2.172065898776054382e-02 -1.577227711677551270e+00
-4.994790628552436829e-02 -1.575895786285400391e+00
-7.815182209014892578e-02 -1.573912143707275391e+00
-1.063213273882865906e-01 -1.571277737617492676e+00
-1.344452202320098877e-01 -1.567993283271789551e+00
-1.625123918056488037e-01 -1.564061641693115234e+00
-1.905115693807601929e-01 -1.559482693672180176e+00
-2.184317708015441895e-01 -1.554257988929748535e+00
-2.462618350982666016e-01 -1.548391222953796387e+00
-2.739908397197723389e-01 -1.541886210441589355e+00
